Frames: 141
Scale_Factor: 150
head upper_chest right_upper_arm right_lower_arm right_hand left_upper_arm left_lower_arm left_hand hips right_upper_leg right_lower_leg right_ankle left_upper_leg left_lower_leg left_ankle right_eye left_eye right_ear left_ear left_toes left_toes2 left_heel right_toes right_toes2 right_heel
328.651 206.451 338.985 332.053 258.669 332.082 237.701 457.746 234.468 576.432 412.362 328.563 436.733 457.634 443.734 572.766 335.629 593.886 286.661 597.248 265.909 768.492 262.315 932.251 387.993 593.798 405.373 764.773 408.933 908.11 317.948 195.95 349.514 192.47 293.592 223.85 374.12 223.916 429.757 963.758 450.69 956.848 401.96 928.812 241.272 970.883 227.38 963.698 265.94 939.404 
325.245 206.48 332.047 332.105 251.767 335.564 234.447 457.85 234.413 576.366 412.297 328.555 433.458 457.64 443.792 569.466 335.581 593.786 286.609 593.878 265.917 768.524 262.304 932.269 387.984 590.374 405.406 764.855 409.017 911.427 314.613 195.948 349.396 192.462 290.288 223.923 373.987 227.285 429.735 963.8 450.693 960.142 405.26 928.914 241.291 970.861 227.409 963.689 265.93 939.415 
325.049 206.484 325.219 332.113 244.883 335.622 234.393 457.873 234.32 573.034 408.834 325.213 433.437 457.68 443.831 569.417 332.127 590.352 286.55 593.762 265.896 771.804 262.287 932.301 387.893 586.876 405.393 764.891 412.336 911.42 311.126 199.373 346.04 192.48 290.109 227.327 373.848 227.292 429.703 963.785 447.312 956.894 405.332 928.89 241.281 970.897 227.397 963.717 265.909 939.43 
321.668 206.481 325.087 335.583 241.377 339.088 234.267 457.865 234.286 572.942 405.528 328.563 433.373 457.749 443.79 569.377 332.064 593.77 283.221 593.877 265.842 768.378 262.311 932.241 384.461 590.318 405.321 764.708 412.366 911.408 304.15 199.413 345.876 192.501 286.767 227.409 370.46 227.38 429.651 963.734 447.284 956.847 405.366 928.919 241.32 970.868 230.716 963.7 269.186 939.389 
321.588 206.541 321.72 335.581 237.977 339.024 230.917 457.815 234.327 569.536 405.377 328.586 433.268 454.303 440.354 565.933 325.245 590.372 279.745 593.839 265.826 768.306 262.306 932.268 380.947 586.862 405.259 764.756 412.366 908.098 300.682 199.411 345.824 195.96 286.621 227.307 366.92 227.331 426.369 963.695 447.226 956.809 405.396 928.818 241.302 970.878 227.408 963.711 265.96 939.422 
321.458 206.523 321.549 335.586 237.846 339.072 227.272 461.1 234.266 569.262 401.965 328.626 433.228 457.551 436.891 562.439 325.155 593.781 276.226 593.877 265.742 768.28 262.338 932.221 377.65 590.333 401.982 757.92 412.366 908.044 297.244 199.406 342.435 195.989 279.757 227.42 356.551 227.41 426.364 963.705 447.21 956.804 405.447 925.433 241.271 970.835 227.418 963.672 269.238 939.37 
318.005 206.56 318.084 338.966 234.345 342.445 213.381 461.214 234.343 555.508 401.712 328.634 429.898 454.145 433.428 558.925 325.126 590.361 279.649 593.776 265.709 768.232 262.322 932.304 377.549 586.888 401.909 761.288 412.399 908.0 293.759 199.419 332.095 199.362 272.725 230.73 352.989 230.723 426.333 963.703 447.217 956.795 405.502 925.389 237.978 974.247 227.391 963.722 269.198 939.443 
314.496 206.573 314.698 339.049 230.907 342.519 209.905 461.232 237.693 548.456 398.272 328.663 429.614 454.189 433.195 548.481 321.808 593.794 272.7 593.84 265.6 768.296 262.319 932.342 377.49 590.333 401.91 761.415 412.425 907.992 290.339 199.473 325.092 195.994 265.938 230.81 349.582 227.422 426.331 963.743 447.241 956.83 405.557 925.359 237.974 974.232 227.391 963.716 269.235 939.498 
304.174 209.797 311.091 335.569 227.389 339.067 206.528 461.183 237.81 541.362 387.873 328.562 422.778 447.234 429.669 541.429 321.55 593.768 265.851 593.81 262.318 768.323 262.287 932.421 374.091 586.916 401.777 761.405 412.384 908.006 290.056 202.851 321.622 196.014 265.638 230.864 349.36 227.421 426.379 963.761 447.298 956.828 405.492 925.355 237.955 974.276 227.369 963.765 269.192 942.853 
300.623 209.869 300.606 339.01 216.897 342.42 206.283 461.225 241.314 520.575 380.955 328.672 415.811 440.345 426.195 520.682 318.101 590.38 265.611 593.798 262.266 768.237 262.283 932.385 373.837 586.805 401.792 761.265 412.381 907.973 286.631 202.88 321.455 199.468 262.15 230.807 345.989 230.792 426.346 963.743 447.273 956.825 405.48 921.96 237.955 974.242 227.357 963.745 269.196 939.527 
297.167 209.884 297.141 339.1 213.49 342.488 202.79 461.118 244.902 506.646 377.549 332.109 408.913 440.241 412.357 513.466 318.034 590.33 262.378 593.826 262.181 768.362 262.305 932.358 373.809 579.954 401.744 761.358 412.335 908.031 279.777 202.901 318.103 199.494 258.72 230.742 342.532 230.748 429.623 963.798 447.272 956.882 405.401 921.993 237.913 974.293 227.344 963.765 269.238 939.497 
293.855 209.946 293.814 342.406 210.103 342.475 192.442 461.269 255.27 485.64 377.41 335.583 408.935 454.194 405.391 489.182 317.986 586.814 262.355 590.358 262.193 768.288 262.284 932.247 370.436 576.467 401.71 754.395 408.999 907.913 279.674 202.966 318.041 202.899 255.339 230.799 342.435 230.904 426.322 960.459 443.786 953.41 405.336 915.039 237.937 974.259 227.345 963.745 269.209 939.392 
293.791 209.994 293.796 339.118 210.045 339.092 189.044 464.645 258.807 457.624 377.326 339.032 408.944 457.779 384.402 464.794 317.982 586.897 262.29 593.791 262.17 768.441 262.217 932.238 370.474 579.882 401.773 750.959 408.959 904.572 276.247 206.21 317.968 202.942 255.204 230.817 339.041 230.839 429.676 960.446 447.239 953.341 405.25 911.526 237.961 974.235 227.352 963.741 265.898 939.344 
293.812 210.059 293.773 339.033 213.342 338.974 188.946 464.828 262.201 429.775 374.044 335.621 408.93 461.062 377.547 443.778 318.051 586.834 262.388 593.789 262.189 768.413 262.212 928.987 370.484 576.455 401.802 747.445 408.864 904.411 276.281 206.262 317.973 202.994 255.203 230.777 339.047 230.737 429.767 960.257 447.283 946.373 401.903 908.113 237.99 974.258 227.357 963.76 265.892 939.328 
297.157 210.079 293.738 335.577 210.1 335.505 192.527 464.664 262.296 405.37 373.95 335.553 408.937 461.281 377.342 426.279 318.043 586.883 262.372 593.815 262.197 768.44 262.148 928.961 370.531 579.83 401.894 747.405 408.856 904.318 279.747 206.268 318.07 206.228 255.244 230.776 339.075 230.779 429.756 956.744 447.256 939.442 401.89 908.043 241.333 970.829 227.377 963.735 265.844 936.059 
300.636 210.108 293.74 332.102 213.466 328.669 199.459 461.153 262.244 384.475 373.975 332.128 412.367 461.225 377.502 401.952 318.077 583.42 265.608 593.764 262.247 768.359 262.133 932.226 370.536 576.394 401.947 747.427 405.536 901.006 286.577 206.28 318.19 206.269 258.644 230.76 342.51 230.869 429.876 956.737 450.694 939.367 401.801 907.976 241.311 970.839 227.362 963.74 265.797 939.358 
304.146 213.377 293.834 328.584 223.817 328.54 206.315 457.635 262.375 370.54 373.975 328.64 412.445 457.758 374.115 377.621 318.162 586.819 265.685 593.78 262.3 768.271 262.066 928.943 373.806 576.422 401.996 740.558 405.583 897.51 286.756 206.309 321.457 206.284 258.841 230.781 342.52 227.417 429.888 953.324 447.315 936.028 401.866 904.534 241.293 970.883 227.281 963.78 265.707 939.34 
307.649 213.513 300.642 328.544 227.388 325.239 209.849 447.199 269.258 345.876 377.507 325.191 419.364 454.128 373.83 359.935 321.552 586.839 265.862 593.765 262.304 768.328 258.826 928.871 374.039 576.445 402.04 740.598 408.84 897.474 290.067 206.368 321.598 206.296 262.168 230.827 345.958 220.426 429.889 953.315 450.705 936.026 401.905 904.472 241.312 970.877 223.922 963.801 265.69 936.032 
314.504 213.545 311.063 325.229 234.171 325.218 213.377 436.855 272.71 325.043 380.951 325.19 422.885 440.365 374.021 353.082 321.75 590.34 269.277 593.903 262.426 768.323 258.808 928.793 377.433 579.924 405.291 740.537 408.878 897.491 290.242 206.424 321.736 206.267 262.42 230.864 346.15 216.874 429.84 949.897 450.726 935.992 401.896 904.504 241.409 970.827 227.319 963.782 265.646 935.961 
317.914 216.888 314.631 325.13 234.357 325.125 227.368 429.904 279.702 311.18 394.846 328.574 426.266 433.394 373.903 338.972 325.136 590.322 272.8 593.861 265.664 768.358 258.747 928.788 377.562 583.354 405.391 744.033 408.86 897.501 293.561 206.507 325.213 206.364 265.795 234.241 349.523 223.869 429.811 949.855 447.319 935.967 401.935 904.486 241.429 970.844 227.315 963.804 262.372 935.917 
318.096 220.363 318.119 325.11 237.784 325.061 234.458 426.185 286.668 293.864 398.383 325.213 429.778 429.697 374.013 325.123 328.576 583.338 279.667 590.326 265.664 768.274 258.695 925.41 380.996 576.382 405.456 743.92 408.963 897.48 293.773 209.812 332.096 206.488 269.207 234.326 349.75 230.748 429.804 949.878 450.716 935.996 402.019 904.452 241.434 970.835 227.297 963.812 262.306 935.873 
