Keyframes: 29
Interval: 5
Scale_Factor: 90
hips right_upper_leg right_lower_leg right_foot right_toes left_upper_leg left_lower_leg left_foot left_toes spine chest upper_chest right_shoulder right_upper_arm right_lower_arm right_hand left_shoulder left_upper_arm left_lower_arm left_hand neck head left_eye
438 835 387 389 766 398 373 599 388 357 431 368 329 395 450 484 763 389 510 596 386 515 446 322 531 403 422 438 876 385 440 937 386 437 998 383 376 1072 393 335 1039 388 340 916 398 342 781 461 487 1074 378 520 1051 384 537 918 400 537 786 456 433 1106 395 431 1167 408 432 1127 455 
430 841 394 383 765 399 368 603 402 354 436 370 332 401 447 475 771 389 506 602 389 518 451 325 535 403 420 430 880 384 426 941 380 428 1000 381 360 1065 396 327 1034 400 323 918 402 336 796 472 476 1074 387 512 1046 382 527 920 398 533 794 461 419 1104 401 418 1168 415 419 1126 456 
417 842 384 373 763 388 362 600 414 358 426 381 335 397 456 464 772 381 497 618 405 516 453 322 535 409 429 415 891 388 408 951 389 411 988 382 330 1062 389 302 1017 393 300 905 420 354 867 521 462 1065 384 491 1045 381 515 927 373 511 859 492 400 1096 403 399 1166 417 401 1121 462 
412 837 379 369 763 411 357 589 430 355 429 366 329 392 449 466 759 367 494 637 398 516 465 319 533 414 404 410 904 383 409 962 389 405 1023 394 341 1068 440 304 1030 450 303 920 447 373 1022 536 447 1067 378 479 1049 374 514 926 378 464 998 519 395 1099 408 401 1156 417 404 1117 461 
429 839 378 381 760 407 368 585 426 351 442 359 327 393 461 479 764 369 508 624 382 512 475 277 537 414 366 432 892 382 426 966 380 425 1036 392 364 1074 417 327 1038 437 334 950 500 391 1097 524 466 1059 361 504 1039 360 526 943 433 465 1068 497 414 1093 386 416 1157 409 421 1112 446 
451 829 359 402 762 390 385 605 443 352 445 362 334 394 448 492 750 349 516 605 374 512 461 261 544 420 371 453 880 359 454 933 356 449 999 351 385 1052 384 359 1019 395 353 968 497 392 1106 495 495 1049 347 534 1027 367 540 955 475 466 1082 488 442 1071 375 436 1135 404 442 1087 433 
454 829 355 405 775 388 390 624 454 359 460 358 341 399 433 496 778 347 515 606 372 516 468 264 533 424 370 453 880 358 452 932 354 450 992 340 390 1060 361 353 1038 392 354 962 483 391 1103 485 507 1054 343 532 1043 364 532 961 476 466 1098 477 442 1077 371 441 1139 394 446 1093 428 
436 832 362 385 761 407 385 618 440 353 454 347 341 398 437 482 759 343 514 622 385 510 477 267 538 419 368 436 873 366 438 923 361 427 1005 354 365 1060 372 334 1032 407 351 956 501 377 1117 515 466 1054 342 510 1034 353 523 958 463 462 1092 482 423 1073 370 427 1142 394 426 1089 429 
429 826 358 385 751 407 380 615 430 354 459 336 346 403 428 484 760 395 521 614 393 515 482 275 546 421 367 429 880 364 426 942 352 414 981 360 362 1053 400 318 1031 429 348 962 513 388 1130 538 463 1051 342 497 1029 343 510 948 453 456 1093 475 409 1077 374 409 1142 402 411 1088 433 
446 832 365 399 764 383 387 615 434 358 454 340 342 401 432 497 772 359 518 625 373 522 480 257 551 421 361 444 880 368 440 947 351 432 1005 352 368 1054 388 339 1032 410 352 960 495 398 1113 516 480 1060 338 515 1041 370 516 963 469 454 1119 521 424 1075 374 423 1139 399 426 1098 433 
464 831 365 414 753 426 407 607 463 353 465 345 344 404 411 505 762 345 536 605 366 523 470 245 559 425 348 464 882 362 466 945 347 462 993 346 395 1052 385 360 1035 422 340 948 477 414 1072 484 508 1048 336 536 1024 348 547 964 471 477 1098 492 450 1070 375 457 1140 394 463 1092 429 
450 843 376 406 773 441 404 610 467 340 454 378 342 390 453 487 777 353 524 616 352 516 476 253 551 428 348 448 912 379 449 966 374 448 1033 381 394 1080 419 374 1079 463 345 1096 567 448 1103 637 485 1047 330 518 1011 311 540 954 429 501 1086 475 446 1082 381 459 1151 400 468 1095 436 
430 834 396 382 765 452 397 586 488 336 442 394 342 392 462 469 766 373 525 594 385 511 478 260 552 425 347 425 895 398 421 947 388 428 1032 403 370 1068 434 368 1081 492 376 1132 605 395 1118 757 456 1024 351 495 975 325 518 937 431 483 1063 488 425 1058 401 433 1119 418 438 1075 444 
434 824 405 390 766 453 389 600 495 342 437 397 348 389 461 480 768 381 523 612 407 517 484 266 547 430 325 427 892 405 431 950 397 426 1019 383 371 1068 444 338 1051 478 342 1013 573 396 1156 688 460 1059 357 484 1028 361 514 955 476 472 1108 518 417 1086 405 422 1145 425 426 1095 458 
452 828 401 406 778 441 396 620 470 352 453 401 351 381 473 497 776 393 522 611 408 531 470 294 557 413 376 454 896 398 450 951 393 443 1014 388 378 1058 422 347 1033 427 379 935 497 401 1079 516 490 1069 372 528 1054 400 528 982 512 476 1121 541 439 1096 401 428 1153 426 434 1107 459 
472 815 387 425 776 417 398 600 494 358 450 398 350 393 465 519 768 396 541 593 419 535 467 290 555 410 385 475 880 392 469 935 390 462 994 382 413 1045 402 369 1024 383 389 936 485 418 1079 483 516 1058 375 547 1042 405 542 975 519 473 1117 523 452 1077 393 449 1142 412 447 1094 448 
470 839 390 419 773 439 416 614 481 359 460 397 357 390 462 515 775 374 539 613 400 534 472 289 551 412 392 469 897 378 464 958 382 464 1022 380 398 1071 390 362 1054 423 349 1015 514 417 1153 548 514 1058 367 545 1048 381 545 981 480 484 1122 509 450 1097 395 450 1169 416 460 1112 451 
444 840 380 402 777 431 405 603 478 351 432 390 356 382 464 495 773 368 531 602 391 528 469 286 552 411 395 448 898 382 448 945 388 439 1008 380 384 1077 446 381 1094 491 390 1139 609 390 1107 745 478 1035 372 514 990 359 525 954 480 480 1087 498 442 1067 401 443 1144 418 446 1094 458 
444 831 387 396 775 445 391 592 479 355 444 391 348 396 460 488 769 416 528 606 404 520 483 281 554 429 354 446 891 394 444 938 392 440 1006 392 391 1077 447 362 1066 469 362 1081 576 403 1183 702 477 1050 370 517 1029 361 528 955 488 479 1092 518 433 1082 402 440 1147 419 443 1100 460 
464 836 383 416 769 419 402 624 465 354 451 384 357 395 441 506 767 361 530 608 374 518 475 263 548 421 346 464 891 384 466 943 375 457 996 368 400 1060 399 358 1022 410 390 941 499 426 1085 560 504 1063 374 537 1051 387 535 975 501 483 1119 536 446 1078 391 447 1154 418 450 1105 452 
478 809 371 433 750 423 423 615 468 355 457 389 353 394 452 522 764 353 539 598 372 524 464 249 548 424 354 482 876 372 484 930 361 475 1007 373 419 1054 391 387 1022 391 394 927 466 432 1057 490 520 1063 366 560 1036 380 558 974 491 496 1104 528 466 1077 381 458 1139 407 466 1095 445 
476 853 388 434 785 439 427 621 469 351 451 409 368 390 484 517 786 349 534 626 366 520 483 248 550 421 350 475 894 383 485 943 365 488 1013 366 426 1082 427 398 1053 449 351 1031 524 444 1154 558 520 1062 340 555 1039 348 573 969 460 503 1094 502 470 1094 382 469 1164 394 477 1113 443 
462 863 401 415 787 453 424 599 485 356 435 425 380 371 500 502 773 362 545 615 376 524 493 252 533 437 326 459 914 387 462 950 390 461 1015 397 412 1073 441 403 1092 477 417 1149 610 424 1110 764 491 1042 349 531 994 341 556 960 454 502 1091 498 458 1076 401 456 1141 423 460 1093 459 
462 844 405 415 773 447 406 590 497 357 438 422 365 382 483 505 765 394 545 609 411 544 487 267 562 425 337 463 912 402 465 949 387 466 1041 399 413 1082 439 386 1080 479 381 1061 580 435 1188 715 505 1058 365 547 1013 351 566 947 454 515 1079 508 461 1087 407 457 1145 434 461 1099 459 
482 836 395 436 763 440 409 590 484 364 436 422 373 376 502 526 770 376 549 612 411 554 468 285 572 408 391 486 890 390 492 941 387 490 1010 385 438 1059 435 391 1039 447 389 927 471 436 1058 525 532 1057 359 569 1046 361 589 942 453 540 1069 501 489 1084 398 479 1143 429 480 1093 455 
506 842 369 452 755 407 430 605 458 375 434 417 374 377 503 548 760 356 558 603 397 555 456 279 571 407 408 511 885 367 514 934 360 513 1001 368 456 1060 385 418 1032 413 397 919 421 450 1037 492 564 1056 354 601 1033 358 604 925 440 560 1052 490 508 1080 384 496 1133 419 504 1081 437 
511 835 344 455 757 389 434 605 416 401 448 391 379 398 460 554 761 339 559 622 364 557 464 281 568 415 389 514 887 348 513 934 341 520 1024 347 465 1063 363 425 1040 364 415 920 399 454 922 505 567 1070 355 603 1046 360 625 918 397 563 960 522 513 1080 373 509 1125 418 512 1077 418 
500 851 341 457 777 348 432 621 355 409 467 330 377 420 400 538 774 347 557 576 342 553 446 280 566 407 386 505 890 339 501 934 332 506 1003 336 448 1057 357 416 1022 363 414 892 375 396 772 416 555 1061 352 589 1043 367 602 920 384 623 778 460 504 1086 367 500 1125 416 500 1074 407 
481 855 348 431 765 352 421 615 329 416 457 307 378 422 368 534 731 341 547 588 320 553 454 282 569 409 394 482 892 352 480 929 352 477 1014 341 422 1060 346 387 1033 343 378 910 320 373 788 296 529 1075 345 574 1023 342 598 926 312 621 795 265 481 1079 359 473 1125 411 475 1075 405 