Keyframes: 13
Interval: 5
Scale_Factor: 90
hips right_upper_leg right_lower_leg right_foot right_toes left_upper_leg left_lower_leg left_foot left_toes spine chest upper_chest right_shoulder right_upper_arm right_lower_arm right_hand left_shoulder left_upper_arm left_lower_arm left_hand neck head jaw
766 879 478 748 807 565 800 610 557 770 386 551 865 379 557 759 809 412 795 603 416 737 434 433 811 421 428 769 922 471 768 991 474 767 1044 468 800 1100 585 810 1075 620 781 933 668 792 814 718 796 1122 389 811 1081 330 810 924 286 831 788 255 794 1121 473 808 1190 469 845 1132 470 
755 852 468 733 810 552 722 604 535 640 414 507 730 382 507 748 809 401 786 596 410 736 438 422 809 398 421 755 921 471 756 967 463 756 1041 459 770 1103 578 799 1082 609 803 968 643 806 941 660 767 1117 378 793 1088 343 770 927 273 802 788 211 761 1122 462 776 1174 460 809 1133 460 
713 845 469 708 804 546 700 600 528 609 415 504 698 379 517 711 802 403 758 609 428 729 420 425 816 403 440 719 907 472 722 991 465 720 1062 462 737 1105 573 766 1088 597 807 955 609 817 929 594 727 1121 392 748 1087 346 739 920 296 749 798 242 726 1128 463 740 1180 466 777 1131 465 
666 864 463 657 812 538 726 610 531 618 429 504 698 376 508 647 797 401 649 600 409 645 422 429 739 400 434 675 918 461 679 986 465 688 1050 455 692 1096 556 723 1076 592 756 938 601 792 875 593 688 1114 392 710 1078 350 711 926 312 711 815 273 691 1117 463 710 1181 464 740 1127 463 
626 856 460 626 782 522 688 601 517 610 416 506 702 379 508 598 799 403 563 600 415 505 420 429 590 405 412 638 928 457 642 976 455 642 1057 451 644 1095 558 665 1076 584 713 925 613 766 797 638 641 1113 391 655 1076 348 659 925 320 681 792 306 646 1125 457 665 1176 457 694 1121 459 
569 837 447 579 790 517 617 609 510 606 397 505 695 381 510 541 788 394 539 610 416 455 427 440 543 407 429 583 914 444 586 977 447 590 1019 445 599 1086 545 610 1066 567 609 935 595 598 778 639 590 1107 390 606 1073 347 606 923 314 667 821 324 598 1111 453 615 1172 454 646 1119 454 
519 838 453 509 795 508 506 595 513 471 388 497 562 380 507 518 793 400 569 625 394 466 450 425 531 402 423 525 888 447 526 957 444 532 1029 443 537 1095 538 549 1076 557 553 929 581 568 772 615 535 1108 390 542 1066 345 544 921 308 593 808 307 544 1112 449 569 1171 447 594 1114 448 
478 854 454 445 787 513 417 594 501 323 413 485 413 379 495 471 784 403 524 615 410 462 436 424 550 403 423 480 903 451 483 948 447 479 1009 441 480 1091 530 491 1065 552 524 922 572 584 789 580 478 1100 385 487 1068 356 495 914 319 487 808 289 488 1107 446 510 1164 444 536 1107 444 
408 837 463 383 805 516 409 601 503 307 416 484 385 382 490 403 790 413 445 618 417 442 411 434 527 404 430 415 904 459 419 979 455 418 1050 454 428 1100 526 436 1076 553 490 928 565 574 822 559 420 1110 399 439 1079 365 425 922 337 436 781 303 427 1108 454 462 1166 450 480 1106 450 
351 824 464 350 795 512 405 606 507 306 414 492 380 375 489 336 805 416 327 608 425 289 418 441 370 406 435 367 923 462 363 989 461 359 1042 458 367 1101 536 379 1072 558 429 924 570 512 814 582 368 1112 411 378 1076 380 366 904 354 423 778 340 379 1110 459 416 1171 454 428 1105 457 
308 849 462 296 804 512 353 581 492 299 406 489 391 385 494 277 799 421 244 610 432 145 430 449 210 382 449 309 912 462 313 948 457 309 1032 461 314 1101 538 314 1056 558 350 906 581 389 780 604 308 1108 409 318 1066 372 341 919 361 405 809 362 328 1114 466 362 1163 464 378 1102 464 
232 844 460 225 801 513 263 573 505 275 387 493 369 388 494 224 806 421 239 604 429 132 433 448 199 389 449 249 903 457 255 951 461 255 1008 462 256 1093 535 259 1043 553 266 896 571 272 758 595 251 1109 416 252 1068 382 298 921 362 354 807 385 280 1110 471 319 1164 467 330 1103 468 
185 840 468 161 789 512 180 598 505 147 383 492 239 370 497 184 797 423 249 623 426 131 438 450 217 385 446 200 890 465 206 938 467 201 1017 461 195 1104 533 199 1051 545 214 912 564 232 769 574 205 1113 428 208 1061 390 245 916 361 277 803 363 230 1114 470 268 1165 470 279 1103 470 