Keyframes: 31
Interval: 5
Scale_Factor: 300
hips right_upper_leg right_lower_leg right_foot right_toes left_upper_leg left_lower_leg left_foot left_toes spine chest upper_chest right_shoulder right_upper_arm right_lower_arm right_hand left_shoulder left_upper_arm left_lower_arm left_hand neck head jaw
416 831 418 372 772 418 365 610 413 358 429 366 327 395 454 471 760 418 501 607 407 532 450 355 552 393 453 416 872 414 418 912 414 412 990 410 351 1072 415 322 1048 422 305 917 435 276 780 444 460 1086 417 497 1065 424 517 921 430 521 791 486 408 1110 424 402 1183 433 401 1140 479 
427 839 418 381 759 417 368 608 404 356 426 378 323 392 467 478 765 409 511 589 402 531 437 354 558 396 452 429 878 414 428 930 412 429 997 401 364 1071 404 335 1047 409 278 943 417 174 844 486 481 1083 408 518 1059 409 530 919 417 539 788 478 428 1109 416 426 1180 422 426 1140 471 
449 838 415 400 761 412 380 617 405 353 435 375 328 397 464 497 763 409 518 590 403 531 436 350 558 400 457 454 891 413 458 935 398 460 1015 387 404 1077 395 359 1064 406 230 1069 460 123 1092 513 509 1076 391 538 1053 391 554 919 398 561 782 465 460 1109 408 461 1176 410 461 1137 461 
467 856 412 417 787 409 399 629 401 365 433 384 328 388 472 513 775 405 532 575 389 530 449 355 553 394 464 468 905 402 473 960 399 476 1029 397 416 1088 397 374 1110 422 293 1181 479 271 1335 530 523 1076 382 556 1041 377 569 911 386 582 791 432 472 1109 405 479 1175 404 477 1138 456 
476 853 402 425 786 409 402 614 406 369 436 396 341 387 474 517 781 401 529 590 386 535 434 353 556 395 467 477 912 400 480 951 388 483 1022 385 419 1085 397 391 1110 410 349 1211 450 489 1251 501 523 1082 385 564 1053 386 578 911 392 589 782 423 476 1110 399 470 1180 408 473 1137 453 
472 854 407 423 780 413 403 616 407 371 435 398 340 392 480 515 776 409 529 571 393 531 433 355 557 399 460 471 903 412 475 961 396 477 1032 391 410 1070 401 388 1077 406 326 1195 438 420 1293 455 518 1078 386 553 1053 381 576 917 399 591 786 451 468 1108 393 457 1178 405 463 1134 452 
470 858 418 417 785 423 399 617 414 373 426 392 342 387 476 513 790 408 533 588 401 529 426 349 558 397 460 472 914 420 469 973 402 467 1050 395 393 1063 409 352 1077 423 265 1151 437 204 1283 414 506 1077 380 552 1053 372 570 936 402 578 806 476 457 1102 397 444 1166 401 451 1129 452 
462 853 416 412 766 430 396 604 438 374 426 386 342 385 478 515 769 400 529 585 399 535 433 343 550 397 450 467 919 411 468 974 396 468 1038 387 374 1064 404 339 1089 424 263 1127 438 122 1200 434 513 1070 382 550 1054 381 568 926 396 571 810 490 461 1108 399 456 1172 406 461 1135 454 
462 862 411 410 780 424 393 602 434 375 427 388 333 388 494 507 782 410 524 601 404 532 435 354 559 395 465 468 918 410 468 971 406 476 1032 404 399 1078 416 353 1101 433 273 1185 465 202 1314 459 515 1072 380 552 1043 390 570 914 397 564 792 474 470 1114 405 476 1176 406 468 1142 463 
455 846 405 404 777 415 391 599 409 376 428 393 342 385 472 504 776 410 525 579 396 533 432 352 557 395 461 458 911 415 460 954 403 465 1040 404 399 1077 420 370 1102 436 330 1213 461 435 1323 477 509 1079 397 549 1055 402 556 917 411 562 776 452 459 1109 407 465 1175 408 456 1144 466 
452 856 411 406 775 407 396 605 416 375 437 380 347 394 487 503 772 413 519 585 404 529 438 342 564 390 447 451 924 412 451 964 410 456 1018 401 387 1077 404 366 1113 418 344 1219 455 496 1242 467 502 1084 393 539 1055 406 553 920 415 567 786 449 449 1107 406 435 1173 413 437 1140 463 
452 854 411 398 795 414 385 604 412 373 429 394 346 391 472 492 783 408 515 598 402 528 438 362 557 393 470 455 907 409 455 961 411 457 1018 400 375 1082 414 350 1112 422 303 1200 452 375 1324 445 498 1085 389 541 1064 393 559 931 421 569 800 484 449 1109 413 433 1176 409 438 1139 462 
460 863 415 409 782 409 387 606 420 374 422 386 341 384 479 506 780 407 522 602 402 529 437 350 560 385 480 470 923 408 478 966 398 483 1055 391 403 1070 401 366 1094 425 278 1175 455 203 1284 451 514 1089 383 557 1063 391 574 931 406 564 805 505 464 1107 408 456 1176 413 460 1138 459 
468 848 409 411 790 411 394 594 418 374 427 383 345 388 476 509 797 398 525 592 398 533 434 347 549 397 476 474 922 401 485 977 396 488 1043 384 416 1080 396 371 1102 424 289 1148 452 159 1237 458 528 1080 380 560 1056 380 581 924 405 586 794 477 487 1114 404 480 1184 413 482 1140 458 
464 852 401 413 775 418 394 607 439 371 425 387 347 391 481 510 787 406 525 616 396 534 436 354 559 393 468 470 925 408 470 972 410 481 1030 392 405 1083 403 381 1100 427 296 1192 456 229 1331 459 526 1079 385 558 1050 385 581 916 409 586 780 473 478 1108 405 481 1181 406 481 1141 459 
458 854 413 407 793 420 387 594 398 380 426 370 337 392 476 502 777 407 529 568 393 529 432 349 553 395 470 459 910 414 455 960 410 463 1008 404 392 1073 401 366 1112 412 321 1205 447 444 1308 479 516 1081 392 542 1058 404 561 922 423 576 786 460 455 1111 399 461 1182 406 456 1145 461 
452 856 416 399 785 417 387 600 412 372 425 385 339 385 478 503 771 422 520 587 403 532 425 356 554 398 473 449 912 418 448 976 416 455 1019 406 378 1076 407 362 1115 417 341 1210 438 480 1238 485 498 1084 398 535 1060 404 551 931 430 552 790 476 444 1113 401 436 1181 409 436 1143 459 
457 863 423 406 792 436 388 608 420 373 431 398 344 398 476 505 769 421 522 583 408 531 439 352 551 393 467 454 922 425 461 978 410 459 1043 413 385 1076 411 355 1117 414 303 1197 425 350 1334 434 509 1081 401 539 1058 409 550 930 439 539 803 506 449 1110 404 442 1181 416 442 1143 463 
462 843 426 416 782 432 397 617 419 376 431 394 346 393 477 508 764 414 526 591 395 537 439 354 560 395 459 470 919 423 477 968 409 481 1038 396 403 1079 404 365 1101 416 281 1152 419 180 1267 412 514 1086 390 557 1057 401 562 929 436 557 807 518 469 1113 407 458 1182 413 463 1142 463 
473 844 418 415 779 422 401 614 419 375 439 396 339 393 476 515 778 417 529 584 399 538 425 349 553 394 472 484 920 428 489 972 411 491 1039 402 417 1070 407 368 1096 412 278 1138 416 152 1169 414 529 1083 389 571 1052 392 582 925 426 592 792 494 486 1111 401 485 1179 406 481 1143 463 
472 846 417 417 789 420 399 610 409 376 430 393 343 390 467 517 776 410 528 602 398 535 425 354 560 391 479 477 910 418 481 973 416 485 1023 401 415 1075 408 372 1102 418 283 1181 426 194 1304 418 533 1089 398 567 1063 400 591 915 420 613 793 469 485 1111 403 483 1180 412 478 1140 464 
467 842 416 411 774 420 394 599 409 381 425 375 335 388 488 513 776 414 520 620 401 534 439 351 548 394 464 464 917 418 465 980 411 468 1016 413 400 1072 404 375 1110 422 326 1198 437 429 1334 470 515 1084 399 555 1055 400 574 921 411 600 788 447 466 1113 405 458 1181 413 460 1141 463 
460 847 419 405 791 421 387 594 413 377 430 398 347 386 488 501 774 415 522 582 401 535 439 344 557 393 467 458 912 415 458 953 417 455 1015 400 398 1066 409 380 1105 416 348 1219 444 482 1248 452 497 1081 392 541 1061 405 560 924 424 561 793 465 446 1102 413 437 1174 424 447 1141 461 
459 863 412 407 793 421 396 603 418 377 439 385 341 397 486 499 782 414 518 610 404 536 424 350 561 399 464 458 916 432 464 975 410 465 1033 404 395 1081 409 360 1117 415 311 1209 432 390 1336 435 503 1083 395 547 1059 391 551 926 419 545 796 498 460 1110 406 452 1184 414 454 1143 467 
463 859 411 413 800 426 397 618 428 371 423 395 343 390 482 503 793 405 522 591 402 537 436 355 561 391 464 475 918 424 483 975 417 481 1030 417 414 1077 405 376 1107 422 302 1189 420 200 1299 433 523 1076 394 569 1045 385 564 914 410 549 790 518 480 1110 410 484 1176 412 484 1142 463 
473 873 416 414 797 416 396 623 433 378 425 382 339 395 480 513 784 404 527 617 389 532 427 355 554 394 471 482 925 416 492 974 413 497 1024 404 428 1080 410 384 1111 418 306 1179 441 186 1275 431 552 1066 384 577 1039 376 584 911 404 594 771 481 499 1109 400 506 1182 401 501 1140 462 
466 847 414 419 793 425 403 621 417 382 431 381 335 390 472 516 764 412 526 612 387 536 435 346 547 396 468 484 929 421 487 979 415 488 1028 410 416 1090 413 391 1111 431 312 1199 454 289 1352 456 542 1072 389 574 1039 384 588 918 407 622 781 445 492 1114 405 492 1184 403 491 1143 462 
468 859 418 413 790 417 396 598 424 377 425 383 346 393 473 511 786 416 526 609 403 533 427 352 555 388 467 473 921 421 476 973 418 471 1025 412 406 1077 404 382 1104 421 336 1210 457 475 1272 490 515 1080 394 554 1057 397 577 927 410 605 780 445 472 1118 403 468 1179 414 469 1142 466 
462 864 422 411 780 432 392 612 421 376 426 395 337 392 474 503 771 424 522 606 418 536 432 353 562 395 471 461 924 433 462 976 420 467 1011 430 399 1064 409 372 1090 434 316 1145 487 452 1125 530 510 1078 400 553 1056 398 562 919 421 566 780 481 463 1114 401 456 1172 410 460 1129 460 
458 841 429 409 777 440 391 597 425 378 418 392 339 388 484 501 770 439 521 587 414 533 426 351 557 391 468 460 911 419 466 969 405 465 1035 401 405 1073 407 377 1052 430 326 950 484 437 924 548 513 1077 396 554 1050 406 551 921 420 533 789 511 466 1107 407 459 1174 419 461 1128 463 
457 849 424 400 767 436 385 590 431 379 428 381 341 390 478 503 747 435 518 597 411 534 433 355 551 394 466 457 913 425 461 962 410 460 1011 412 398 1080 405 365 1037 411 362 909 433 344 764 511 509 1078 400 547 1052 409 553 923 436 555 785 507 461 1100 410 456 1157 438 458 1114 464 