353.151 433.382 440.233 0.0 0.0 433.251 426.194 373.832 433.212 433.21 433.28 461.187 433.213 447.285 506.575 0.0 373.877 0.0 419.292 408.966 436.796 520.481 373.831 377.577 468.208 
353.115 433.437 447.286 0.0 0.0 433.155 426.169 373.848 433.318 436.805 433.3 461.232 429.877 436.829 503.165 0.0 373.836 0.0 419.283 408.893 436.775 517.22 373.856 377.598 468.218 
353.116 433.429 443.746 0.0 0.0 433.246 426.194 373.878 433.331 436.776 429.717 461.223 429.932 436.809 506.521 0.0 373.848 0.0 415.889 408.878 436.75 517.24 373.961 380.993 468.188 
353.106 436.724 447.198 0.0 0.0 433.258 426.24 373.871 433.208 433.279 426.291 457.841 429.899 433.334 503.148 0.0 373.819 0.0 415.811 408.912 436.782 517.2 373.905 380.931 464.65 
353.105 433.423 443.791 0.0 0.0 433.219 426.373 373.86 433.188 433.24 419.38 457.846 429.907 433.17 503.066 0.0 373.853 0.0 415.858 408.885 433.355 517.179 373.965 381.001 461.408 
353.044 433.44 443.758 0.0 0.0 433.253 429.668 370.529 429.883 429.778 419.337 457.805 429.899 429.747 503.063 0.0 373.781 0.0 412.44 408.928 436.772 517.186 373.926 380.953 461.408 
353.014 433.219 426.294 0.0 0.0 433.462 429.817 370.422 429.781 426.261 419.331 461.111 429.906 426.359 503.069 0.0 373.746 0.0 412.443 408.889 433.359 517.199 373.981 381.046 464.679 
349.729 433.201 426.236 429.873 0.0 436.753 433.246 363.473 429.864 422.854 408.953 457.829 433.294 429.657 503.099 0.0 370.472 0.0 412.361 412.327 436.785 517.243 374.01 384.39 461.433 
349.598 429.903 422.845 422.825 345.924 433.449 433.483 349.499 429.744 419.333 415.887 457.788 433.17 426.268 503.052 0.0 370.335 0.0 412.312 408.846 433.307 517.191 373.937 380.989 464.646 
349.465 429.656 408.969 412.345 339.009 433.416 436.93 345.934 429.76 415.844 408.827 457.756 433.298 422.851 499.64 0.0 366.936 0.0 408.962 405.492 433.322 517.164 373.965 381.032 464.65 
349.388 429.818 412.417 412.335 342.483 436.798 447.253 339.057 433.203 422.816 405.517 457.874 436.86 419.277 496.132 0.0 363.526 0.0 408.871 405.428 433.243 517.037 374.034 384.458 464.828 
346.185 426.316 405.521 408.894 325.196 433.479 454.106 328.659 429.937 412.308 401.988 457.671 447.222 408.893 492.697 0.0 363.449 0.0 408.862 405.287 429.74 517.042 377.349 387.877 461.414 
346.171 426.369 405.491 408.937 321.527 436.84 454.166 321.482 429.919 408.858 391.471 457.674 450.722 408.934 489.298 0.0 363.432 0.0 408.86 401.939 426.282 516.934 374.018 384.443 464.703 
346.137 422.879 401.861 398.408 304.142 440.232 454.173 314.655 433.185 408.914 398.387 457.836 454.115 405.43 492.585 0.0 360.055 0.0 408.844 401.977 426.333 516.964 373.959 381.031 464.834 
346.146 415.894 387.871 370.493 290.084 447.244 450.7 314.568 429.736 401.992 391.402 457.805 454.191 408.916 492.619 0.0 360.069 0.0 408.886 401.98 429.73 517.023 373.994 384.405 464.824 
346.177 415.89 377.548 363.514 290.157 457.59 436.871 318.004 426.382 401.734 387.902 461.087 454.262 419.352 499.679 0.0 363.466 0.0 408.985 412.339 436.828 520.59 373.989 384.393 471.723 
349.385 419.27 380.968 349.697 283.252 454.283 433.215 314.646 429.665 401.828 401.875 464.643 454.227 405.477 510.081 0.0 366.909 0.0 412.426 422.767 443.787 527.59 373.882 380.938 485.531 
349.554 419.398 380.892 346.071 290.01 457.777 429.646 318.108 429.628 401.773 398.445 461.09 454.211 405.525 513.623 0.0 370.345 0.0 419.33 429.805 454.21 541.37 370.491 377.515 468.244 
349.624 429.628 391.426 338.972 290.124 461.098 408.979 318.266 429.79 401.895 394.935 457.871 457.658 426.275 517.244 0.0 370.44 0.0 422.799 440.274 464.705 544.998 370.526 377.514 475.209 
353.032 429.781 391.442 328.625 293.79 464.718 398.393 318.266 429.795 401.81 391.441 457.75 457.768 429.931 531.046 0.0 370.537 0.0 426.195 447.222 468.195 551.964 370.422 377.399 478.656 
353.098 429.962 398.266 321.642 297.155 468.197 384.491 321.482 429.739 401.725 391.356 457.722 457.743 433.261 541.444 0.0 373.76 0.0 426.267 457.633 478.684 565.842 370.474 377.41 482.028 
356.459 433.337 401.794 321.615 300.665 468.259 377.326 321.563 433.161 401.952 391.413 457.626 461.168 436.734 541.611 0.0 373.78 0.0 426.318 457.796 489.097 565.949 370.488 377.417 478.655 
356.451 436.721 401.956 321.464 311.08 471.712 370.405 321.454 433.259 405.335 387.942 457.711 461.2 436.923 544.847 0.0 373.777 0.0 426.357 461.267 492.628 569.33 370.467 377.388 482.042 
360.002 454.107 426.318 318.26 318.157 475.163 352.984 321.602 436.862 412.325 391.44 457.735 464.716 443.739 544.88 0.0 373.878 0.0 426.351 461.131 489.106 569.342 370.467 377.379 482.083 
366.893 454.12 429.67 321.465 321.569 475.192 339.044 321.566 443.718 415.88 384.452 457.63 468.255 440.345 544.858 0.0 373.973 0.0 426.374 457.814 485.675 569.39 370.422 377.344 478.595 
366.979 457.597 433.219 321.478 321.696 475.171 325.06 321.722 447.264 422.814 380.885 454.143 471.716 436.815 545.014 0.0 374.054 0.0 429.716 461.245 489.129 569.518 370.456 374.084 468.317 
367.035 461.194 443.785 321.745 325.188 475.225 325.032 325.231 454.13 426.298 377.454 457.63 478.656 436.749 545.048 0.0 377.283 0.0 429.758 461.284 489.094 569.557 373.916 377.504 482.038 
370.408 461.355 454.282 325.205 332.036 478.598 328.53 332.105 450.802 429.657 377.429 457.702 471.746 436.723 545.008 0.0 377.366 0.0 429.883 461.31 489.159 569.472 377.33 380.924 482.1 
370.525 464.658 457.67 342.573 0.0 475.181 332.011 332.138 454.13 429.713 377.352 457.784 471.675 433.438 545.004 0.0 377.514 0.0 433.141 461.269 489.105 569.473 377.546 384.419 485.485 
370.54 461.376 454.273 346.016 342.463 475.151 335.532 335.592 454.235 429.732 374.07 461.246 478.602 433.415 545.023 0.0 377.532 0.0 433.222 461.194 485.645 569.519 381.04 391.458 485.769 
373.764 461.305 450.771 345.908 339.071 478.712 339.055 335.59 450.767 426.235 377.412 464.756 478.604 436.867 545.038 374.088 377.554 0.0 433.284 461.128 485.609 569.488 391.384 398.41 489.245 
373.771 461.191 447.261 345.937 339.062 478.672 338.968 335.594 450.744 426.229 377.547 468.252 475.217 440.348 545.043 374.048 377.562 0.0 433.483 461.138 485.597 569.506 398.318 401.894 489.331 
373.749 461.147 440.249 349.421 342.482 482.157 332.142 328.676 447.305 422.78 377.563 468.228 475.171 440.261 544.988 374.026 377.528 0.0 433.489 461.15 485.643 569.406 401.737 405.282 489.231 
370.52 457.776 433.396 328.558 335.607 482.101 342.599 325.233 443.835 415.846 381.035 475.139 475.195 436.905 544.965 373.926 377.531 0.0 433.5 461.293 489.102 569.427 401.817 405.408 489.365 
370.53 457.792 433.284 321.802 338.995 482.201 346.092 321.785 443.714 412.351 381.073 475.23 475.148 436.879 544.949 373.974 377.568 0.0 433.48 461.333 489.097 569.431 401.75 405.348 489.33 
370.473 457.766 429.776 321.557 300.698 485.704 353.151 339.077 440.265 412.339 384.431 475.244 468.23 433.405 544.9 373.79 377.569 0.0 433.48 464.799 492.623 569.414 398.457 405.371 489.299 
370.432 454.286 422.776 318.038 293.844 485.692 353.06 342.459 440.234 415.801 384.393 482.031 464.754 429.864 541.608 373.741 377.475 0.0 433.417 461.145 485.578 569.259 401.789 405.451 492.6 
370.369 447.288 405.493 311.18 290.164 485.558 360.044 345.886 440.28 415.809 384.388 485.542 464.81 419.339 541.56 370.378 377.435 0.0 433.361 457.754 482.134 565.919 401.792 408.813 496.155 
367.012 447.282 405.51 304.135 286.753 485.561 366.995 346.042 440.262 415.842 384.376 485.59 464.754 408.836 541.417 363.553 377.394 0.0 433.272 457.652 482.147 562.49 401.82 408.862 499.622 
366.913 443.777 401.936 297.274 286.611 485.622 370.5 346.021 440.238 412.411 380.97 485.482 464.794 405.519 541.383 366.908 377.328 0.0 433.221 457.697 485.621 562.422 401.777 408.807 492.779 
366.918 440.348 401.839 300.649 286.575 485.518 370.535 345.916 440.245 412.431 381.05 478.704 464.79 408.872 541.441 366.886 377.313 0.0 429.933 461.117 485.672 562.462 401.736 405.403 489.26 
366.9 447.188 405.32 304.112 286.606 482.21 373.76 342.544 440.319 419.342 391.408 482.224 464.722 408.846 541.511 363.521 377.297 0.0 429.878 461.215 485.684 565.949 401.814 405.513 492.687 
366.883 443.721 405.326 311.083 290.035 482.224 370.34 325.123 436.896 412.426 387.915 482.221 464.69 415.847 541.621 363.54 374.11 0.0 429.856 464.771 489.214 569.402 401.741 405.407 496.086 
366.967 454.116 426.326 317.961 293.649 482.055 353.086 318.207 436.884 415.892 398.364 485.74 461.296 422.764 544.986 0.0 374.105 0.0 429.8 471.714 496.077 569.573 401.8 405.458 509.991 
366.912 447.268 415.859 318.123 297.26 478.686 349.64 311.106 436.833 412.341 398.311 485.622 461.363 429.822 545.171 370.482 374.108 0.0 429.833 475.155 499.591 572.882 401.731 405.358 503.191 
367.032 454.188 426.362 321.533 304.164 475.136 346.193 300.666 436.9 412.427 394.864 482.067 464.702 433.46 548.543 0.0 377.334 0.0 429.885 485.683 513.494 572.973 401.83 405.36 496.069 
367.036 457.775 436.82 335.599 314.541 471.653 345.987 300.634 443.783 422.818 394.871 482.086 464.782 440.327 555.506 374.031 377.413 0.0 433.164 485.667 513.51 576.351 401.799 405.328 496.118 
370.437 461.095 443.749 342.515 325.221 468.235 342.541 311.134 443.787 422.788 384.448 482.07 464.79 440.309 558.961 374.03 377.519 0.0 433.278 489.076 513.573 576.482 401.82 405.35 496.147 
373.769 457.832 436.814 345.99 321.594 478.598 342.448 317.983 436.883 408.97 380.89 482.028 464.794 440.356 565.879 374.038 380.875 0.0 433.489 489.068 513.549 579.976 401.803 405.362 496.162 
373.88 457.835 433.314 346.008 321.64 485.508 342.524 318.229 433.408 405.238 374.012 478.649 468.159 443.761 569.234 374.094 381.079 0.0 436.829 492.592 517.091 583.444 401.817 405.349 496.128 
373.907 457.813 429.863 346.066 342.526 489.003 346.097 321.637 433.419 401.944 373.79 471.686 468.262 450.735 569.248 374.069 384.434 0.0 443.725 489.196 517.047 586.815 401.794 405.27 492.67 
373.897 454.268 412.382 328.673 328.572 489.153 353.149 328.566 433.315 398.406 363.543 468.218 471.71 454.264 569.227 374.006 384.46 0.0 447.283 489.244 517.058 586.836 401.84 401.999 492.614 
373.863 447.273 401.881 321.666 318.003 492.609 370.494 339.032 429.863 387.925 363.454 461.403 468.161 457.772 565.984 373.896 384.477 0.0 447.307 485.694 513.52 586.798 398.403 401.816 489.141 
373.834 447.255 398.359 307.656 293.657 496.12 377.436 342.535 429.826 381.011 360.017 457.764 471.686 461.105 565.847 373.775 384.451 0.0 447.268 485.696 510.106 579.929 394.861 398.28 485.562 
370.504 447.308 398.365 286.77 244.888 499.565 377.635 345.993 429.694 377.632 353.063 454.165 468.159 461.191 562.446 370.334 380.99 0.0 440.258 485.626 513.523 579.932 377.622 380.971 478.61 
363.496 440.275 384.451 265.876 195.931 499.572 384.485 349.493 426.336 377.496 349.694 433.334 464.793 461.229 562.345 359.99 377.469 0.0 436.781 485.596 513.526 576.507 373.799 370.483 461.111 
359.997 433.437 377.416 241.329 133.183 499.576 384.393 349.654 426.197 377.332 349.469 426.276 464.74 461.203 558.904 356.566 377.31 0.0 433.416 485.626 513.608 576.425 353.096 356.455 443.805 
356.583 433.369 374.022 223.88 94.833 492.721 380.973 349.531 412.407 373.855 342.599 408.917 461.115 457.572 555.427 363.435 374.026 0.0 433.161 485.564 513.594 573.093 346.042 346.08 433.378 
353.132 429.928 363.458 206.477 84.288 492.626 377.618 349.552 408.973 370.444 335.594 408.888 457.823 443.793 552.05 356.578 373.9 0.0 429.882 485.575 513.55 573.075 345.972 346.05 433.41 
349.699 429.846 360.007 206.451 87.69 489.106 377.592 346.116 405.361 363.497 328.627 408.797 454.131 433.245 545.173 353.075 370.479 0.0 429.665 485.689 517.09 572.862 346.057 346.087 433.387 
349.494 426.369 356.567 209.893 91.157 485.639 377.386 345.882 405.231 359.945 325.032 408.968 447.288 429.638 545.141 349.704 366.939 0.0 426.25 482.133 513.535 572.829 345.913 346.006 436.816 
349.39 426.227 359.955 209.971 94.653 482.219 374.052 338.985 401.862 353.068 321.7 412.381 440.31 405.547 545.121 349.488 363.474 0.0 422.809 482.157 513.564 572.835 345.899 346.049 436.92 
346.128 419.31 353.089 206.335 94.716 482.041 370.336 325.209 401.755 352.993 318.15 415.794 436.807 398.435 541.628 346.161 359.982 0.0 415.79 485.553 513.523 569.414 342.575 346.004 440.331 
346.013 415.861 359.97 220.358 108.739 475.156 353.003 321.527 401.71 353.09 318.126 415.841 433.406 391.426 541.539 346.131 356.454 0.0 408.94 482.185 513.515 569.294 342.597 346.044 443.714 
345.827 415.891 360.053 230.797 122.792 468.225 346.119 314.607 394.961 353.148 321.477 419.372 429.842 391.442 541.533 345.823 349.702 0.0 408.858 478.655 506.608 569.28 342.567 346.068 443.821 
342.501 412.342 363.503 237.94 147.131 461.227 342.589 304.193 398.354 356.588 321.634 415.918 429.901 387.984 541.521 339.07 349.556 0.0 405.488 468.253 496.156 569.307 342.545 346.016 440.342 
342.516 412.415 373.84 258.71 185.475 457.826 328.586 293.81 398.331 359.982 325.192 419.365 429.833 394.864 541.481 345.786 349.598 0.0 405.343 468.15 492.663 569.278 342.559 345.959 443.84 
345.843 415.868 377.497 276.22 216.915 457.583 321.629 290.322 401.726 370.385 332.059 415.877 429.789 398.433 541.361 346.185 349.614 0.0 405.275 461.17 485.659 565.933 342.594 345.96 440.304 
342.5 429.679 401.966 293.642 241.38 450.77 318.194 290.022 398.342 370.374 339.062 419.312 426.279 401.846 534.51 346.079 349.528 0.0 405.217 457.575 478.65 558.905 342.556 345.932 440.355 
342.577 429.862 408.886 318.028 279.714 443.833 314.665 286.597 398.377 370.475 342.426 419.353 426.207 405.237 524.128 0.0 349.549 0.0 405.233 443.749 468.184 548.517 342.606 346.021 443.821 
345.899 429.769 408.911 325.046 311.191 436.908 307.686 276.25 401.722 373.854 345.965 422.827 426.251 405.271 517.185 0.0 349.639 0.0 405.274 443.809 475.164 544.875 342.433 345.945 447.288 
345.971 429.724 412.306 339.107 311.071 433.407 297.285 272.779 401.938 377.366 345.959 422.753 426.363 402.022 517.088 0.0 349.718 0.0 405.352 443.76 471.678 541.607 342.484 346.009 443.758 
346.202 429.866 426.29 342.605 321.512 433.272 293.882 272.828 401.955 377.502 345.929 422.824 426.222 401.933 517.218 0.0 356.503 0.0 405.5 447.293 475.183 544.877 339.075 345.976 447.313 
349.517 433.218 429.743 345.888 321.508 433.393 293.838 286.601 405.326 380.906 345.896 426.268 426.339 401.8 520.506 0.0 363.425 0.0 408.809 450.786 482.124 544.93 342.555 346.088 450.766 
349.594 433.303 429.782 346.033 321.764 436.731 293.791 289.993 408.873 387.984 342.528 426.244 429.821 401.748 520.689 0.0 366.92 0.0 408.86 457.708 485.643 545.055 342.522 346.069 450.757 
349.715 433.363 433.346 346.094 325.195 433.314 293.865 290.119 412.322 394.878 335.512 419.29 433.235 401.74 524.097 0.0 370.329 0.0 408.99 454.251 482.149 545.121 342.562 346.044 443.746 
349.691 433.437 433.242 345.898 332.094 436.824 297.287 290.339 415.861 394.945 332.023 422.752 436.762 401.726 527.517 0.0 367.031 0.0 412.372 454.272 482.142 545.15 346.035 349.489 447.246 
349.686 436.88 436.854 342.424 345.982 436.803 311.05 293.583 415.799 398.295 328.582 419.337 433.357 401.978 527.543 0.0 370.33 0.0 415.791 450.749 475.15 548.425 346.13 349.553 443.786 
349.663 440.355 447.227 335.539 342.487 440.221 314.559 300.626 412.388 391.456 332.084 422.839 433.376 405.429 527.575 0.0 366.976 0.0 412.43 454.166 478.67 548.467 349.41 349.557 450.713 
349.665 436.779 426.298 321.533 297.286 454.237 318.213 297.199 408.978 381.07 339.022 426.318 436.864 408.929 527.569 0.0 366.948 0.0 412.374 447.263 471.715 548.407 346.113 349.544 454.163 
349.634 436.807 419.312 293.861 290.178 457.775 321.537 297.227 408.988 381.018 342.44 429.713 440.272 422.778 527.591 0.0 366.966 0.0 412.384 454.163 482.117 545.197 349.42 349.602 457.604 
349.488 433.23 401.914 290.125 248.277 461.206 335.574 314.576 412.315 377.609 342.497 429.738 443.821 422.816 527.604 0.0 363.489 0.0 412.415 447.25 475.191 548.411 346.121 349.614 457.614 
346.194 426.368 380.911 265.719 206.58 464.698 339.099 317.956 412.382 377.569 345.883 429.725 450.708 429.621 530.974 0.0 360.003 0.0 412.363 447.297 475.181 548.426 349.53 349.665 454.275 
346.157 429.636 380.896 248.341 154.054 464.693 342.495 318.197 412.404 377.623 345.998 429.907 450.704 426.247 530.964 0.0 360.042 0.0 412.445 454.188 475.188 548.418 349.449 349.624 457.797 
346.082 429.708 381.024 223.826 119.03 464.744 342.537 318.254 415.843 380.953 345.939 429.818 450.766 419.282 524.113 349.586 359.959 0.0 415.782 450.778 475.176 545.142 346.022 349.451 457.71 
346.1 429.734 387.907 216.919 98.333 464.743 342.541 321.538 412.318 377.508 342.562 429.69 450.701 405.486 524.053 0.0 360.03 0.0 412.44 457.648 482.13 545.096 345.995 349.432 454.239 
346.013 426.323 377.563 216.838 98.143 464.72 342.57 321.541 412.404 380.88 338.99 426.328 450.696 401.804 520.601 349.457 359.962 0.0 412.357 454.186 471.684 544.98 346.021 349.482 450.752 
346.023 426.186 377.396 213.356 94.765 461.341 345.86 321.471 412.436 380.951 339.038 426.313 450.694 394.923 517.258 0.0 359.994 0.0 412.451 450.778 475.17 544.913 346.128 349.596 447.34 
345.976 422.821 377.379 213.489 98.194 461.229 345.836 318.28 412.358 380.924 339.049 426.298 447.233 387.971 517.221 0.0 356.572 0.0 412.389 457.621 482.16 544.937 346.135 349.6 447.34 
346.018 422.82 377.398 230.86 112.227 461.215 342.476 318.073 408.958 377.616 342.446 429.67 440.332 391.404 527.507 0.0 356.56 0.0 408.953 454.24 482.139 548.529 349.472 349.638 454.178 
346.01 412.301 363.446 237.773 133.179 461.228 335.571 304.115 408.948 377.51 342.569 426.367 443.797 394.862 534.521 349.376 356.506 0.0 408.896 457.808 485.639 555.52 346.126 349.51 454.133 
346.054 419.301 373.963 258.757 153.984 461.1 325.228 297.318 408.855 377.57 346.063 429.705 436.864 401.831 541.49 349.469 356.549 0.0 408.993 464.689 489.195 569.302 346.143 349.481 454.297 
346.073 419.315 377.544 276.283 189.033 457.726 325.141 293.706 408.981 380.999 349.542 429.652 436.918 405.259 544.99 0.0 356.533 0.0 412.313 468.18 492.638 572.875 346.095 349.425 454.24 
346.09 426.31 391.402 293.733 216.881 457.712 321.706 290.249 408.976 380.991 353.0 429.687 440.228 408.908 545.111 0.0 359.944 0.0 409.011 471.638 496.087 572.988 346.091 346.167 454.147 
346.162 433.169 405.267 297.308 241.285 457.732 321.518 286.768 412.373 381.017 353.084 429.692 440.351 419.355 548.577 0.0 360.052 0.0 412.416 475.224 496.153 573.069 346.104 349.422 454.17 
349.466 433.335 412.356 321.695 262.324 457.566 321.54 286.708 415.881 387.945 359.976 429.8 443.75 429.724 551.975 0.0 363.531 0.0 412.422 471.733 496.142 573.099 346.054 346.161 454.303 
349.568 433.436 426.257 349.399 318.022 454.182 317.982 279.785 415.907 384.412 359.982 429.76 450.716 433.193 555.466 0.0 366.966 0.0 415.871 475.152 492.679 576.394 346.112 349.46 454.228 
352.96 436.761 426.338 349.525 325.115 454.234 317.993 283.139 419.385 387.893 359.986 429.831 450.8 433.253 558.959 0.0 370.424 0.0 419.293 478.64 492.646 579.909 346.13 349.487 454.312 
353.114 436.765 426.232 349.72 332.098 454.284 317.953 283.193 422.836 391.368 356.581 429.838 454.205 433.456 565.892 0.0 370.539 0.0 422.823 482.174 506.57 586.854 346.143 349.522 457.597 
356.502 436.829 426.248 356.465 339.051 457.661 318.104 286.693 426.28 391.433 353.11 429.828 457.668 436.838 565.98 0.0 373.814 0.0 426.255 482.139 506.572 590.302 349.419 349.568 457.655 
356.588 436.882 419.389 353.034 342.564 457.83 321.497 290.202 426.278 391.354 349.634 429.708 457.717 436.861 569.217 0.0 373.89 0.0 429.599 482.165 506.598 590.376 349.549 349.608 454.283 
356.6 450.72 429.766 349.686 342.56 461.396 325.134 293.557 426.273 384.504 349.386 429.626 457.799 443.71 565.979 0.0 373.965 0.0 429.621 482.177 506.609 590.317 349.454 349.54 454.155 
360.013 454.227 429.84 346.06 332.058 471.657 339.101 297.183 429.634 387.99 346.025 426.236 461.114 443.815 565.976 0.0 374.058 0.0 429.665 482.089 506.567 590.317 349.509 349.558 447.295 
360.05 457.608 433.289 325.201 304.164 478.614 346.007 311.176 426.229 381.034 345.949 415.832 457.85 454.225 565.925 0.0 374.07 0.0 429.745 478.704 503.091 586.878 349.472 349.509 436.841 
363.422 440.321 405.313 318.015 290.344 482.062 349.578 317.962 426.188 377.525 345.988 405.573 461.241 457.718 565.851 0.0 374.12 0.0 429.795 478.671 499.65 583.457 346.159 346.111 433.208 
360.015 433.468 387.896 293.82 265.654 485.575 353.112 321.519 419.355 377.322 346.046 405.362 461.166 457.83 565.985 0.0 373.985 0.0 429.638 475.168 496.172 590.268 342.566 342.551 429.824 
356.515 433.236 380.993 272.777 230.717 485.652 356.504 321.612 415.913 374.047 345.96 401.918 461.137 457.801 569.217 0.0 373.812 0.0 426.218 478.61 499.624 586.913 332.141 332.112 426.237 
353.104 433.19 377.587 248.265 168.049 485.633 363.437 321.728 415.886 374.037 342.555 398.308 461.129 457.873 565.923 0.0 370.497 0.0 419.317 478.689 503.1 583.438 325.054 321.761 412.367 
349.651 429.931 377.501 227.4 105.15 485.582 363.424 325.13 412.427 373.967 342.502 394.905 457.803 457.588 565.88 0.0 367.026 0.0 412.36 478.615 503.094 583.416 318.194 318.199 408.994 
349.375 429.842 374.035 209.795 91.254 485.572 353.168 321.81 408.901 373.807 335.529 394.833 457.586 447.234 565.828 0.0 356.542 0.0 408.815 478.688 506.576 579.98 314.683 318.071 408.97 
346.0 429.669 373.847 209.79 84.264 485.491 353.05 321.767 405.349 366.895 335.549 391.449 450.738 433.268 555.478 0.0 349.719 0.0 405.349 471.74 499.604 576.397 318.06 318.165 408.91 
345.901 426.304 373.81 209.848 87.675 482.12 352.974 321.598 401.921 359.947 328.597 387.964 440.24 422.87 548.578 0.0 349.603 0.0 401.957 478.64 503.093 573.084 318.1 318.17 408.851 
342.578 422.86 367.031 210.003 91.235 482.027 349.731 321.56 401.855 359.998 321.637 387.953 436.787 401.983 545.047 0.0 349.471 0.0 401.801 478.684 506.605 572.909 318.029 318.117 408.908 
342.551 426.287 373.87 202.984 87.742 478.677 349.637 318.207 398.439 353.112 321.477 387.907 433.361 398.431 544.961 0.0 346.165 0.0 398.39 478.683 503.124 572.911 318.011 318.108 408.905 
342.455 426.318 373.977 227.37 101.711 475.138 349.671 318.105 398.417 356.601 321.517 387.883 433.19 394.83 544.879 0.0 346.068 0.0 398.332 475.172 506.574 572.805 318.001 318.069 408.927 
339.013 422.857 370.508 234.26 122.637 471.688 349.727 318.068 398.307 353.078 321.635 391.445 429.939 394.862 541.481 0.0 345.952 0.0 394.943 468.174 499.59 569.332 317.982 318.077 412.332 
339.032 419.276 370.362 251.835 154.131 468.148 352.987 317.944 394.96 352.998 321.77 391.446 429.925 394.839 541.333 0.0 345.898 0.0 394.846 457.686 485.609 565.842 318.03 318.055 412.341 
339.064 422.806 374.018 272.777 192.513 464.73 356.553 314.667 398.38 356.526 325.185 394.845 433.191 398.4 537.881 0.0 345.93 0.0 391.412 450.701 468.204 555.449 317.945 318.023 412.458 
339.109 426.319 377.577 293.743 234.322 464.714 363.553 317.941 401.754 363.432 328.662 398.278 433.266 401.886 524.017 0.0 345.937 0.0 387.938 457.634 482.141 545.139 314.664 318.033 419.292 
342.415 429.875 398.298 321.77 269.349 464.736 363.542 318.251 401.855 367.024 335.562 398.393 433.293 401.905 517.229 0.0 345.963 0.0 387.976 457.759 485.702 544.938 317.962 318.081 422.784 
342.49 433.164 398.375 339.036 293.8 464.803 366.942 321.455 401.918 370.472 339.093 401.707 433.292 401.968 524.058 0.0 345.996 0.0 391.381 464.697 492.621 545.1 317.967 318.086 426.235 
342.617 433.299 401.806 349.449 311.128 468.21 370.418 321.617 405.43 374.05 342.472 401.702 436.836 405.282 524.115 0.0 346.083 0.0 394.852 464.697 489.191 548.44 317.98 318.135 426.216 
345.896 436.75 405.302 349.52 314.642 468.228 366.958 321.728 408.882 380.922 345.963 401.763 436.839 405.425 527.602 0.0 346.15 0.0 394.94 464.748 492.598 548.558 318.035 318.183 426.227 
346.064 440.301 408.931 353.027 318.25 468.249 370.36 328.572 422.752 391.435 346.064 401.783 450.693 405.491 531.041 0.0 349.383 0.0 398.274 468.182 496.153 548.607 318.046 318.207 426.213 
346.188 447.228 426.209 360.03 321.689 471.631 370.524 332.058 429.69 401.79 349.724 401.884 457.58 408.999 534.533 0.0 349.458 0.0 398.277 471.713 499.608 551.945 318.061 318.205 426.256 
349.526 457.559 433.412 373.9 325.048 468.258 373.906 335.509 433.257 405.471 370.396 401.939 457.743 426.282 537.925 0.0 349.548 0.0 398.394 478.674 499.605 551.991 318.122 321.502 426.317 
349.656 457.732 436.909 377.368 325.145 471.693 377.29 328.618 436.732 408.981 373.931 401.97 461.19 429.677 534.562 0.0 349.581 0.0 398.43 471.653 496.107 551.927 318.041 318.202 426.303 
349.706 461.084 443.812 384.442 325.045 471.676 380.995 321.784 443.822 429.662 377.642 405.393 461.315 433.178 537.992 0.0 349.625 0.0 401.717 475.18 496.161 551.946 321.574 321.742 429.779 
353.092 461.264 454.279 398.372 321.637 468.204 398.418 318.171 457.668 436.871 394.842 408.884 461.293 433.454 538.048 0.0 349.692 0.0 401.763 478.62 503.086 551.955 325.042 328.544 433.219 
353.079 461.169 447.27 401.764 314.633 468.196 405.369 317.997 457.758 436.808 405.257 426.178 471.648 450.766 541.337 0.0 349.741 0.0 401.918 468.253 496.098 552.036 328.65 339.022 440.233 
356.584 461.31 457.763 405.488 314.652 464.692 415.818 307.606 464.753 461.179 412.32 433.231 471.658 454.2 541.475 0.0 353.112 0.0 402.011 475.202 499.622 555.437 345.993 349.522 457.599 
360.018 464.651 461.159 429.802 321.595 464.732 429.689 304.159 468.261 471.72 426.238 454.223 468.21 457.776 541.528 0.0 356.572 0.0 405.227 478.687 506.601 558.883 356.452 363.446 468.249 
363.492 464.686 461.238 436.829 349.448 461.39 429.91 314.58 478.655 478.693 436.867 464.638 475.225 457.605 541.533 0.0 360.044 0.0 405.332 471.725 496.14 558.922 374.018 377.593 485.569 
366.916 464.814 464.666 440.233 349.536 464.749 433.29 321.599 478.716 482.164 475.151 489.015 475.119 447.255 541.572 0.0 363.449 0.0 405.405 475.151 492.667 555.464 394.887 401.916 492.706 
367.033 468.241 464.743 436.784 398.391 468.145 433.453 328.623 478.608 478.662 478.62 496.182 475.205 457.768 541.598 0.0 366.967 0.0 405.538 478.645 496.145 555.469 408.877 422.78 510.132 
370.494 478.721 489.169 0.0 0.0 464.69 433.302 373.777 482.193 492.6 489.006 510.04 468.208 461.241 541.59 0.0 370.394 0.0 408.835 478.626 499.634 555.425 426.231 429.842 517.097 
373.86 478.714 489.178 0.0 0.0 461.389 433.485 422.76 485.627 499.613 489.284 516.948 468.217 471.704 541.502 0.0 370.541 0.0 408.934 478.662 503.07 552.045 436.77 447.253 520.609 
373.822 478.668 489.179 0.0 0.0 461.331 454.16 447.228 485.655 492.606 492.59 517.212 482.059 482.165 541.534 0.0 373.745 0.0 408.991 464.679 489.137 548.597 454.161 457.808 534.526 
373.794 482.06 492.597 0.0 0.0 461.329 464.802 482.141 478.632 489.117 499.592 520.675 461.299 485.64 541.504 0.0 373.773 0.0 412.294 471.646 489.21 552.002 457.647 461.227 541.523 
373.822 475.194 482.175 499.561 0.0 464.744 489.032 510.062 471.688 482.17 496.165 520.623 464.757 485.769 541.565 0.0 373.754 0.0 408.938 468.222 489.179 555.469 457.607 461.215 541.522 
370.444 471.623 464.705 513.571 0.0 468.223 513.418 537.937 468.229 468.163 492.635 524.091 471.727 485.672 541.523 0.0 370.448 0.0 408.963 468.184 492.63 555.457 457.687 461.295 551.974 