349.491 346.063 210.06 153.944 98.4 471.739 541.413 569.266 342.57 258.829 255.247 272.823 426.286 405.424 380.977 321.645 377.384 290.067 408.967 0.0 0.0 0.0 0.0 0.0 0.0 
349.615 346.19 213.52 154.277 101.862 478.617 544.845 576.352 342.45 262.113 258.843 283.214 422.816 405.326 380.96 321.779 377.561 290.24 412.45 0.0 0.0 384.454 0.0 0.0 0.0 
352.956 349.495 223.829 157.561 122.622 478.69 545.055 593.729 345.903 262.297 262.374 297.248 426.286 405.383 380.983 325.224 380.975 293.583 415.898 0.0 0.0 0.0 0.0 0.0 0.0 
353.006 349.599 230.784 161.146 129.636 478.698 545.108 600.736 346.148 265.68 265.88 311.065 429.79 405.401 384.49 328.599 381.057 293.803 419.332 0.0 0.0 398.362 0.0 0.0 318.024 
353.078 349.623 230.906 171.47 150.501 478.615 545.158 604.279 345.992 262.384 272.709 314.661 429.698 408.866 394.89 332.052 384.381 293.844 419.399 0.0 0.0 0.0 293.792 290.171 321.566 
353.158 349.706 234.358 178.455 161.104 478.62 545.078 604.442 346.183 265.759 283.204 318.084 429.786 408.989 398.375 332.136 384.426 297.266 426.193 0.0 0.0 401.949 314.625 297.143 325.128 
356.578 349.714 234.375 182.084 181.943 475.174 544.919 604.387 346.091 265.696 286.683 318.243 429.679 405.362 398.384 335.63 387.877 300.671 426.241 0.0 0.0 0.0 314.666 293.677 328.607 
356.513 349.683 234.442 185.554 209.832 468.289 541.607 601.016 349.437 265.863 290.115 318.27 429.798 401.972 398.452 335.572 384.497 300.645 426.244 0.0 0.0 0.0 318.112 293.689 335.523 
353.048 349.712 234.458 202.937 234.177 468.27 541.32 600.72 346.117 265.823 290.22 321.552 426.275 398.452 401.711 332.083 384.374 297.239 422.835 0.0 0.0 405.392 318.117 293.716 335.605 
352.984 349.693 234.479 206.456 241.369 464.762 534.561 593.878 346.164 269.215 290.177 321.677 426.238 394.822 394.929 328.666 380.989 297.224 419.292 0.0 0.0 405.322 321.548 297.129 342.424 
349.716 352.975 237.757 209.888 241.421 464.808 527.555 579.962 346.152 269.257 290.134 321.778 426.22 394.826 391.405 328.6 377.653 297.222 415.806 0.0 0.0 401.85 321.557 297.18 342.496 
349.734 352.972 237.823 210.061 255.284 464.753 520.609 573.027 349.475 276.237 290.097 321.655 426.259 401.738 387.966 328.56 377.571 297.274 415.786 0.0 0.0 0.0 321.559 297.163 339.09 
352.963 349.716 237.859 213.456 255.324 464.684 517.133 569.401 349.553 279.723 290.166 321.536 426.273 405.248 387.903 328.619 377.583 297.293 412.411 0.0 0.0 391.373 325.121 300.683 332.139 
349.694 349.708 237.839 216.931 255.248 461.359 517.013 565.878 349.545 279.669 290.154 318.141 426.376 405.499 391.36 328.618 377.593 300.631 412.331 0.0 0.0 391.368 321.597 293.751 332.037 
349.682 352.989 237.905 216.884 241.315 461.396 513.735 555.446 349.55 279.731 290.166 318.033 426.333 405.532 394.836 328.566 377.594 297.284 412.33 373.9 391.427 391.447 318.191 293.724 332.016 
349.707 352.96 241.292 216.978 234.468 461.344 513.593 548.494 349.693 283.153 290.07 318.113 429.742 408.943 394.885 328.639 377.561 297.337 412.357 377.419 401.816 384.43 321.664 297.208 328.617 
353.007 349.732 241.313 213.512 223.879 461.38 513.482 545.031 353.035 286.628 290.137 317.98 429.78 408.984 394.829 332.037 377.576 304.129 412.37 377.443 401.839 381.036 321.663 297.179 325.103 
356.466 353.036 241.434 210.015 209.887 464.689 513.394 541.526 356.484 290.13 293.666 317.911 429.805 412.405 401.661 335.567 380.966 304.176 412.427 380.976 408.887 381.07 321.696 297.174 321.633 
356.538 353.027 244.879 210.074 199.456 464.694 509.993 537.932 356.456 290.097 297.136 317.921 429.754 412.354 398.363 338.974 381.001 311.042 412.402 391.425 422.824 377.522 325.144 297.198 321.614 
356.53 356.588 251.862 210.0 189.034 464.813 509.98 527.497 359.962 290.28 297.271 317.948 429.788 412.321 398.247 339.084 380.978 311.184 415.809 401.895 429.821 377.415 335.542 297.222 321.654 
356.56 356.592 255.339 209.93 182.034 464.658 506.629 517.23 360.048 293.592 300.677 314.678 429.794 408.998 391.467 342.456 380.994 314.534 415.818 398.325 426.27 377.36 325.129 297.229 321.555 
360.041 363.46 258.804 210.053 178.566 464.815 513.369 516.939 363.457 293.7 307.577 317.923 429.861 408.837 391.344 342.592 381.069 314.551 419.288 394.942 422.766 373.937 325.073 297.21 321.629 
363.498 366.893 262.113 213.432 178.518 464.845 513.382 513.607 366.93 293.807 311.052 317.955 429.87 405.508 387.878 345.892 384.434 314.677 415.894 387.891 415.857 373.936 325.157 300.646 321.687 
366.931 363.519 262.125 216.927 178.592 468.145 513.41 510.107 366.981 297.197 314.516 317.918 429.824 405.519 384.442 346.02 384.456 317.984 415.865 384.421 412.365 373.877 325.096 297.207 321.668 
366.997 367.039 262.311 223.869 181.896 468.193 513.465 506.639 370.342 297.242 318.191 318.017 429.859 408.863 380.897 346.097 387.949 318.069 419.268 381.078 408.927 370.371 321.71 297.223 325.043 
370.423 370.378 262.348 230.753 182.089 468.182 513.512 506.631 373.787 304.175 318.1 318.046 433.182 412.338 377.578 346.155 391.47 318.074 419.278 387.939 412.346 366.932 321.625 297.131 325.068 
370.438 370.512 265.702 234.183 188.929 468.177 513.61 509.936 370.453 300.742 311.102 318.034 429.902 408.863 381.014 346.148 391.447 318.137 419.314 381.006 408.946 373.896 321.562 293.69 325.172 
373.772 370.533 265.75 234.299 192.522 468.253 513.642 510.059 370.444 304.102 307.582 318.091 429.861 408.948 387.975 349.405 394.871 318.206 419.387 384.522 415.792 374.066 318.106 290.226 328.593 
373.816 373.831 265.925 234.37 199.402 468.287 516.937 513.546 370.43 304.118 297.301 318.098 429.876 415.794 394.934 349.432 394.853 318.25 422.818 394.859 419.342 377.448 321.521 293.657 325.202 
373.852 373.934 269.285 234.409 202.892 471.719 517.036 516.99 370.534 304.206 297.288 318.258 433.19 426.233 401.679 349.514 394.87 321.476 426.182 387.975 412.412 380.923 318.132 293.724 325.188 
373.914 373.922 269.297 237.679 206.419 471.685 517.062 517.144 370.449 307.616 300.638 321.529 429.871 426.251 401.82 349.542 398.311 321.55 426.263 384.491 408.95 384.477 318.163 293.708 328.587 
373.962 373.961 272.749 237.867 209.86 468.27 517.024 520.518 370.378 307.619 307.576 321.795 429.788 422.865 401.94 349.61 398.342 321.655 426.316 384.444 412.306 387.973 321.564 293.792 335.6 
373.961 373.966 276.23 238.035 213.411 468.162 516.951 524.036 370.349 307.599 307.676 325.173 429.731 419.361 401.865 349.643 398.308 321.768 426.337 384.505 412.37 387.935 321.651 297.225 339.108 
374.041 373.981 276.288 241.445 223.884 468.212 513.669 531.0 367.002 304.179 314.548 332.09 429.655 412.317 401.898 352.972 398.326 325.04 426.338 384.508 412.342 391.366 321.728 300.682 345.976 
374.077 374.029 279.755 248.256 230.924 468.239 513.384 534.469 366.974 307.629 314.662 335.53 426.332 405.528 401.907 352.995 398.393 325.073 426.37 384.494 408.99 391.359 325.065 304.201 346.068 
374.061 374.076 286.578 251.833 237.689 464.805 509.961 537.874 363.452 300.716 318.086 335.544 426.194 405.474 401.858 352.993 398.4 325.143 426.365 384.402 408.953 387.903 328.657 311.163 346.099 
374.126 374.03 283.265 258.649 237.932 464.691 503.151 537.911 360.024 304.105 318.128 339.035 422.785 405.351 401.771 353.012 398.433 325.199 426.369 384.386 408.965 387.906 335.505 314.672 346.159 
374.104 373.945 286.583 258.787 241.428 461.251 496.184 534.511 360.024 304.212 318.207 342.466 419.307 405.278 401.671 353.047 398.319 325.205 426.268 381.046 408.953 384.459 328.647 314.616 349.491 
374.056 373.789 283.201 258.796 255.311 457.871 492.672 527.582 356.465 300.701 318.147 345.837 412.332 402.042 398.429 352.994 398.244 325.131 422.855 380.941 408.832 387.936 328.584 314.648 349.693 
373.921 370.506 283.173 258.713 258.697 457.703 489.198 520.676 353.04 297.279 318.032 342.593 408.842 401.922 398.42 349.705 391.459 325.046 419.332 377.546 405.396 391.388 328.562 314.551 349.688 
373.779 370.38 279.778 258.682 258.744 457.564 489.033 517.19 353.1 300.618 318.16 342.479 408.896 401.945 398.335 349.593 387.981 321.743 415.819 374.063 405.3 384.426 328.632 314.559 349.526 
370.473 367.021 279.679 255.312 255.323 454.276 485.687 513.528 353.103 297.226 318.186 338.998 408.958 402.031 394.828 349.514 387.863 321.72 412.398 373.97 401.917 380.922 328.629 311.172 346.046 
370.365 366.892 276.292 251.792 244.881 450.77 485.551 510.059 353.098 297.177 317.953 332.087 408.974 401.973 387.953 349.405 384.383 321.64 408.965 374.053 405.286 377.539 332.103 314.536 342.567 
370.326 363.448 276.263 244.896 241.4 450.704 482.152 499.621 352.978 297.119 317.984 332.12 408.863 401.918 384.392 349.395 381.02 321.629 408.886 377.317 402.027 377.413 335.587 314.564 342.525 
366.966 359.993 276.187 244.794 237.894 447.221 478.655 492.641 353.13 300.622 318.036 328.619 408.978 401.903 384.485 346.208 380.982 321.525 408.821 377.4 405.333 377.466 335.601 314.592 339.09 
363.502 360.002 276.253 241.389 237.707 440.354 468.261 485.713 353.101 300.627 318.01 325.196 408.807 401.837 380.954 346.143 377.595 318.286 405.543 377.536 405.353 373.963 342.522 318.057 335.542 
360.014 356.59 276.195 241.278 234.22 440.275 464.703 482.116 356.511 304.185 318.132 325.244 408.81 401.892 377.627 346.032 377.535 318.235 405.468 384.493 408.829 373.83 342.538 318.07 332.095 
356.515 356.578 276.294 238.008 230.877 436.877 461.38 471.716 356.545 307.653 318.244 325.228 408.804 401.908 377.472 345.951 377.405 318.22 405.245 384.469 405.367 370.392 339.117 318.015 335.561 
353.11 353.161 279.7 237.956 230.718 433.495 461.252 464.766 359.952 311.184 321.56 325.242 405.518 401.782 377.309 345.837 377.295 318.07 401.984 380.966 401.89 367.002 342.494 318.087 335.578 
353.056 353.07 276.282 237.911 223.807 433.382 461.178 461.291 356.531 311.138 321.613 332.093 405.43 401.683 374.037 345.834 374.097 318.023 401.927 380.958 398.426 367.014 342.435 318.052 342.467 
353.002 352.995 272.817 237.955 216.926 433.3 461.152 461.106 356.534 314.502 325.232 332.085 405.322 398.25 373.91 342.57 374.056 317.956 401.898 377.572 391.357 367.002 339.002 317.979 342.495 
353.013 349.713 272.79 238.003 216.849 433.212 461.12 457.73 356.567 314.572 325.179 332.079 405.348 394.873 370.422 342.566 374.011 317.936 401.799 377.469 384.468 356.49 335.619 317.97 339.093 
352.976 352.994 276.271 241.273 216.88 433.234 461.231 457.678 356.604 314.594 325.154 335.597 405.396 394.903 370.348 342.538 373.963 317.915 401.737 377.602 391.374 356.495 339.025 318.036 345.945 
349.692 352.98 279.657 244.78 223.832 433.209 461.348 457.614 356.59 314.629 325.116 339.013 405.383 398.321 366.938 342.5 373.917 314.657 401.675 387.871 394.855 353.077 342.472 318.092 346.009 
349.71 353.006 283.151 248.346 227.387 433.148 461.378 457.582 359.936 314.663 321.706 328.574 405.368 398.275 370.501 342.444 373.925 314.59 398.456 377.512 391.344 360.019 339.094 318.009 339.107 
349.662 352.99 283.151 255.336 230.868 429.903 464.687 457.61 356.57 314.647 321.642 325.112 405.338 394.843 373.951 339.109 373.865 314.632 398.42 377.295 391.439 366.978 335.545 314.595 339.003 
349.608 352.951 283.15 258.717 234.306 429.858 464.733 457.716 353.059 311.083 318.171 325.074 405.234 398.291 373.987 339.083 373.818 314.657 398.359 374.046 394.858 370.338 335.544 314.536 339.043 
349.56 349.721 283.171 262.064 237.735 429.833 464.778 457.817 349.689 304.191 318.133 325.046 401.924 398.335 373.936 339.012 373.808 314.647 398.369 373.986 391.44 363.517 335.579 314.562 335.532 
349.569 352.952 283.238 262.149 238.0 429.851 464.756 461.118 349.695 300.728 317.971 325.157 402.019 398.324 373.951 339.083 373.796 314.692 398.288 373.963 391.391 366.93 332.047 311.107 339.042 
349.531 349.648 283.19 262.236 241.428 429.765 464.729 461.274 349.66 300.728 317.959 325.172 401.98 398.289 373.935 339.045 370.524 317.914 398.282 373.908 387.951 366.995 335.516 314.578 338.982 
349.546 349.637 283.203 262.288 248.376 429.766 461.362 461.41 349.685 300.74 317.967 325.146 402.019 398.297 373.908 339.1 370.488 317.929 394.921 373.844 387.921 366.967 335.533 314.569 335.592 