Frames: 61
Scale_Factor: 125
head upper_chest right_upper_arm right_lower_arm right_hand left_upper_arm left_lower_arm left_hand hips right_upper_leg right_lower_leg right_ankle left_upper_leg left_lower_leg left_ankle right_eye left_eye right_ear left_ear left_toes left_toes2 left_heel right_toes right_toes2 right_heel
0.0 0.0 681.193 293.807 716.096 290.242 716.116 401.94 0.0 0.0 646.149 297.261 653.137 436.78 0.0 0.0 667.167 555.472 688.115 558.954 688.206 743.915 681.128 911.518 639.247 551.986 688.076 740.577 681.232 956.808 716.175 185.524 0.0 0.0 716.108 189.008 0.0 0.0 635.759 918.429 635.698 932.436 674.162 981.189 635.764 907.944 642.658 907.987 681.035 970.764 
0.0 0.0 680.96 293.854 716.081 290.246 0.0 0.0 0.0 0.0 635.72 304.137 625.315 450.693 0.0 0.0 660.25 562.403 684.704 565.852 684.736 761.436 656.804 960.254 632.274 555.46 684.54 757.885 656.777 946.43 716.179 185.588 0.0 0.0 716.1 189.019 0.0 0.0 716.071 984.78 716.049 988.218 635.802 967.266 716.087 988.293 695.101 995.182 649.661 977.784 
0.0 0.0 674.107 293.799 716.046 290.301 716.108 384.485 0.0 0.0 632.333 300.63 632.24 443.732 0.0 0.0 660.102 565.861 684.517 569.345 680.948 764.968 632.3 960.312 628.772 555.493 681.053 757.828 656.797 932.403 716.161 182.133 0.0 0.0 716.068 185.565 0.0 0.0 716.075 953.295 716.055 946.4 628.631 960.12 716.059 988.316 684.539 991.907 618.257 974.311 
716.159 206.298 667.159 297.162 716.064 290.221 716.112 387.948 0.0 0.0 625.309 311.088 607.913 454.259 0.0 0.0 656.605 565.935 681.166 569.422 656.744 757.889 604.273 956.811 625.198 558.969 684.688 757.83 656.544 918.478 716.143 181.947 0.0 0.0 691.562 185.486 0.0 0.0 716.019 963.862 716.016 960.288 653.021 928.895 684.562 988.15 660.254 991.815 586.897 967.307 
716.15 202.978 660.103 300.614 716.05 290.201 716.103 394.86 0.0 0.0 618.316 314.624 600.956 457.767 0.0 0.0 656.661 565.932 680.996 569.441 632.334 768.285 576.34 956.886 625.196 558.916 716.024 761.336 653.187 928.955 716.131 181.884 0.0 0.0 684.592 185.548 0.0 0.0 684.699 977.829 691.67 963.816 632.33 935.85 656.799 988.278 632.309 991.826 562.349 967.407 
716.149 206.505 656.627 300.657 716.054 290.247 0.0 0.0 0.0 0.0 604.264 318.064 600.88 457.758 0.0 0.0 656.58 569.445 677.595 572.939 628.612 764.922 552.033 953.345 625.182 565.864 691.634 764.964 653.035 932.307 716.126 182.078 0.0 0.0 681.05 188.958 0.0 0.0 688.044 974.345 691.657 963.814 628.8 939.426 635.782 991.606 611.288 991.91 537.926 963.832 
716.136 206.363 649.737 300.708 688.051 290.268 0.0 0.0 0.0 0.0 600.866 318.1 628.784 454.179 0.0 0.0 653.219 576.398 656.634 583.333 614.814 768.419 537.986 953.299 639.241 572.941 0.0 0.0 0.0 0.0 716.105 182.025 0.0 0.0 674.101 189.003 0.0 0.0 0.0 0.0 0.0 0.0 0.0 0.0 618.258 991.637 597.214 995.202 513.626 963.858 
716.12 202.967 635.806 297.282 681.161 290.264 0.0 0.0 0.0 0.0 597.37 314.53 0.0 0.0 0.0 0.0 646.229 573.004 646.197 579.857 607.853 764.77 517.275 953.311 642.733 572.979 684.642 750.954 653.087 932.386 716.076 181.952 0.0 0.0 660.251 192.447 0.0 0.0 716.041 970.748 716.052 960.423 628.665 949.796 600.751 988.357 576.439 991.878 503.049 963.822 
716.083 206.558 628.778 297.27 677.565 290.103 716.105 380.983 0.0 0.0 590.394 314.66 618.309 450.749 716.126 405.476 628.8 572.836 649.59 576.395 597.432 768.353 517.201 956.811 604.402 565.87 681.14 747.376 649.738 932.423 716.042 182.132 0.0 0.0 656.63 189.0 0.0 0.0 716.042 974.321 716.054 963.805 625.336 949.789 600.755 988.364 576.423 991.918 499.552 963.992 
716.04 206.484 625.182 297.189 663.617 290.176 716.103 384.458 0.0 0.0 576.37 317.967 600.823 454.256 716.106 454.172 625.179 572.924 635.709 576.406 600.705 768.31 517.267 953.353 600.864 569.437 677.469 747.465 649.677 936.017 688.163 185.425 0.0 0.0 653.127 192.423 0.0 0.0 702.094 974.308 0.0 0.0 625.354 960.197 597.232 988.291 572.878 991.831 499.62 963.854 
695.094 206.257 621.672 293.774 656.582 286.765 716.108 380.984 0.0 0.0 576.351 311.063 716.092 408.813 0.0 0.0 607.822 569.483 625.287 572.969 600.946 764.854 520.533 953.284 586.899 569.327 656.815 754.35 646.206 939.443 684.677 182.018 0.0 0.0 649.655 189.049 0.0 0.0 702.091 974.306 698.634 963.829 625.278 960.445 597.342 988.332 572.998 991.848 499.633 963.751 
688.102 206.422 607.847 293.664 653.067 286.757 716.115 391.364 0.0 0.0 572.895 300.627 569.429 443.788 0.0 0.0 597.32 569.304 621.808 569.39 625.088 761.391 520.632 942.918 569.398 565.889 635.784 761.323 639.253 939.355 681.181 182.139 0.0 0.0 635.802 192.421 0.0 0.0 691.68 970.854 691.716 963.755 625.207 960.404 597.219 988.376 572.881 991.804 503.052 960.154 
684.641 206.389 600.988 290.316 635.77 290.0 716.116 398.386 0.0 0.0 572.93 293.727 716.088 408.799 0.0 0.0 586.89 569.295 604.406 569.468 618.268 768.32 524.098 942.884 565.846 562.477 625.13 764.955 628.838 939.368 680.895 182.11 0.0 0.0 628.908 192.429 0.0 0.0 691.691 967.461 688.236 963.69 621.717 963.68 597.323 988.269 573.01 991.688 506.599 956.886 
677.625 210.058 597.453 293.631 628.883 290.096 716.115 405.312 0.0 0.0 569.296 293.838 558.956 443.804 0.0 0.0 572.943 569.34 597.381 569.486 625.057 771.805 530.976 942.901 548.418 565.859 601.004 768.29 604.373 935.858 667.132 189.032 0.0 0.0 625.311 192.416 0.0 0.0 684.606 970.836 681.18 963.75 597.461 953.37 600.928 991.799 579.839 995.225 509.99 956.804 
667.172 209.782 593.86 293.676 625.258 290.147 716.107 408.901 0.0 0.0 562.447 293.838 646.148 401.922 0.0 0.0 565.979 569.351 593.805 569.506 625.145 771.928 541.53 936.051 538.041 565.877 573.028 764.836 576.464 932.345 656.869 185.593 0.0 0.0 621.717 195.886 0.0 0.0 660.168 977.766 653.251 963.805 572.905 942.87 611.347 995.179 583.437 998.714 513.648 949.869 
660.137 209.765 579.904 293.533 607.887 290.127 716.078 419.337 716.154 443.747 551.998 293.687 635.719 408.923 0.0 0.0 555.46 569.315 579.963 572.816 625.326 768.486 541.38 935.976 527.503 562.419 558.905 764.945 551.977 928.893 653.267 185.569 0.0 0.0 604.47 199.386 0.0 0.0 646.163 977.812 635.791 963.798 520.605 935.76 611.264 991.722 583.425 995.255 513.593 946.415 
656.513 209.792 572.939 293.626 600.96 290.212 688.245 426.287 716.146 478.67 544.97 293.752 628.811 408.887 0.0 0.0 541.532 572.918 572.858 576.481 625.387 768.232 544.974 936.013 513.422 569.405 527.542 764.803 520.581 935.839 649.605 185.538 0.0 0.0 600.814 195.883 0.0 0.0 611.321 981.191 611.309 967.255 509.981 956.819 618.221 984.704 600.727 988.214 520.539 960.18 
646.139 209.887 569.262 293.644 597.287 290.159 677.594 426.362 716.13 510.136 538.014 293.796 621.653 433.246 0.0 0.0 537.979 569.486 569.366 572.984 625.102 764.983 541.45 935.915 503.091 565.943 513.563 761.387 492.594 932.334 632.256 189.048 0.0 0.0 597.191 199.475 0.0 0.0 548.504 963.795 0.0 0.0 485.574 942.946 600.798 988.165 590.322 988.161 517.062 953.403 
632.25 209.986 555.409 293.758 590.301 290.299 653.32 429.888 716.119 541.51 524.022 297.193 562.436 440.33 618.245 485.585 527.523 572.832 565.884 576.362 618.192 764.927 534.569 939.387 492.575 569.332 496.147 754.444 478.661 932.309 625.399 189.056 0.0 0.0 579.896 199.456 0.0 0.0 517.015 928.921 0.0 0.0 461.248 942.956 604.392 991.718 586.893 991.816 513.45 956.834 
625.35 210.012 544.936 293.686 572.924 290.254 628.858 429.926 691.629 548.537 517.08 293.81 541.504 447.226 600.749 485.642 517.088 572.972 551.958 579.858 601.026 768.312 531.032 942.904 485.594 569.44 485.453 757.816 443.711 932.233 621.665 189.026 0.0 0.0 572.921 195.93 0.0 0.0 482.141 935.984 457.697 928.832 429.92 946.318 601.004 991.657 579.961 991.832 510.141 960.242 
618.242 210.116 538.068 293.866 569.378 293.649 614.791 436.908 660.191 569.372 510.066 297.129 537.984 457.782 590.282 558.916 510.147 572.849 541.626 576.422 597.184 768.379 524.054 956.726 475.185 565.935 464.761 750.917 422.747 932.319 604.338 199.383 0.0 0.0 569.21 202.997 0.0 0.0 482.197 956.802 468.199 939.462 401.938 942.922 604.42 991.69 586.907 995.218 509.951 963.817 
604.354 213.512 524.113 293.872 558.923 293.701 593.881 440.336 625.13 572.784 499.601 297.168 517.156 454.272 579.844 534.452 503.093 569.462 538.024 573.008 583.442 768.48 524.062 956.74 464.782 565.887 457.716 750.894 401.731 932.371 600.67 199.466 0.0 0.0 548.593 202.964 0.0 0.0 464.77 963.957 457.685 960.331 377.357 942.941 604.28 988.268 586.84 991.763 506.623 963.984 
597.364 216.856 516.992 297.267 544.984 297.119 569.39 440.28 590.357 576.381 489.118 297.266 492.661 454.182 0.0 0.0 492.622 572.966 534.448 579.885 572.947 768.491 520.593 956.849 457.828 569.359 443.829 750.872 377.424 932.4 593.737 202.867 0.0 0.0 544.875 206.26 0.0 0.0 457.624 970.811 436.896 963.812 353.122 942.912 600.746 988.197 579.859 991.693 506.493 967.419 
590.281 216.901 510.059 297.256 541.326 297.122 544.897 447.198 548.569 576.413 482.154 297.238 513.459 454.117 572.8 537.928 485.63 569.465 513.66 572.942 562.38 768.528 517.208 960.358 454.253 565.932 436.779 747.429 373.875 932.53 576.442 202.946 0.0 0.0 541.298 206.287 0.0 0.0 450.778 970.827 433.4 963.776 349.464 949.875 600.698 988.231 579.866 991.726 503.119 977.725 
576.411 220.335 492.684 297.233 517.195 297.177 520.657 447.294 524.139 583.446 471.731 297.249 489.083 457.689 569.286 534.56 471.758 572.97 499.679 576.469 541.444 768.256 516.992 963.697 440.34 569.432 436.718 750.868 373.867 935.857 572.74 202.98 0.0 0.0 524.017 206.259 0.0 0.0 450.757 970.827 433.445 963.763 349.453 953.371 597.337 988.201 579.845 991.705 503.043 984.694 
569.472 216.897 485.715 297.247 513.436 297.238 513.393 450.765 510.007 583.32 461.255 297.245 496.076 454.262 551.928 530.971 457.745 569.426 482.14 572.872 513.658 761.445 513.616 963.842 433.247 565.952 440.32 747.39 373.971 935.838 565.861 202.88 0.0 0.0 517.047 202.93 0.0 0.0 450.758 974.239 436.73 963.791 349.52 953.316 597.449 988.271 576.469 991.866 496.14 988.076 
562.391 216.902 475.151 297.264 492.687 297.193 489.276 447.278 489.069 583.359 457.543 297.293 478.618 454.241 541.521 527.587 447.308 569.441 464.786 572.884 492.661 768.389 510.056 963.872 426.372 569.296 447.199 761.32 374.033 935.812 548.553 202.94 0.0 0.0 513.381 202.992 0.0 0.0 454.267 974.236 440.237 963.756 349.505 953.259 597.295 988.28 573.028 991.921 489.295 988.071 
548.443 220.359 461.401 297.133 485.796 297.121 485.518 440.317 482.01 576.533 447.189 293.83 482.162 454.209 534.454 534.488 433.303 565.952 454.15 569.396 478.709 761.408 482.148 960.28 415.868 562.407 450.751 757.832 377.413 928.807 544.823 202.968 0.0 0.0 496.113 202.948 0.0 0.0 436.786 953.248 433.391 932.387 353.139 939.373 555.469 988.272 538.036 991.768 464.727 970.888 
541.474 216.955 457.612 297.126 475.226 297.165 468.284 450.703 468.154 579.897 433.314 297.177 464.717 447.289 517.128 537.904 426.322 565.953 436.789 569.396 461.365 757.86 443.778 960.31 405.382 562.428 450.664 747.497 377.484 921.872 534.564 202.914 0.0 0.0 485.789 202.94 0.0 0.0 412.317 960.207 412.368 939.353 356.482 935.801 537.971 988.34 513.529 995.246 429.668 974.263 
530.991 216.969 440.328 293.812 461.137 297.2 461.221 447.26 464.672 583.34 429.674 293.655 443.793 454.124 509.964 537.867 415.902 562.436 429.835 565.915 461.296 740.422 408.883 960.369 405.304 558.895 433.358 737.042 398.291 904.521 520.54 202.994 0.0 0.0 482.116 203.002 0.0 0.0 457.634 904.371 0.0 0.0 370.388 921.923 503.1 988.356 478.71 995.278 394.833 974.29 
517.048 220.458 433.206 293.857 454.205 300.644 457.643 447.25 464.674 583.368 412.368 293.69 443.746 450.792 489.049 541.459 405.387 562.444 415.872 565.972 461.196 740.48 377.503 960.213 398.337 558.9 422.777 743.942 380.92 932.411 513.522 206.268 0.0 0.0 461.412 206.259 0.0 0.0 447.302 981.26 433.294 907.925 356.498 956.841 464.662 988.229 443.732 991.856 356.523 970.885 
509.938 227.342 422.859 297.217 433.292 300.666 454.124 450.733 468.145 579.857 405.278 293.815 426.296 454.161 0.0 0.0 405.457 569.369 405.349 572.81 391.443 764.83 346.055 960.171 408.926 569.343 461.3 740.611 380.877 928.809 496.122 206.399 0.0 0.0 457.551 206.34 0.0 0.0 450.676 981.235 443.801 963.958 373.815 935.786 422.833 991.738 398.339 998.658 325.073 967.381 
492.617 227.364 408.819 297.244 426.346 304.112 440.258 454.219 471.742 583.369 398.435 293.79 0.0 0.0 0.0 0.0 398.424 569.396 387.92 572.827 373.896 764.912 318.022 956.84 405.338 569.367 457.819 740.554 377.436 914.945 485.775 206.424 0.0 0.0 436.873 206.392 0.0 0.0 440.298 974.315 440.212 963.784 359.963 925.384 398.41 991.874 370.513 1002.147 293.832 967.326 
485.536 230.819 401.981 300.67 405.533 304.184 433.339 454.122 475.202 576.454 391.381 297.124 0.0 0.0 0.0 0.0 394.947 572.866 377.446 572.91 349.547 764.929 290.199 956.854 408.839 572.85 450.802 743.991 377.336 928.805 475.225 206.49 0.0 0.0 429.761 206.495 0.0 0.0 447.263 970.798 440.316 963.714 352.974 932.553 367.034 991.757 345.905 995.266 269.186 967.255 
475.114 234.152 391.353 297.27 401.778 300.731 429.893 454.104 482.083 576.398 377.508 293.778 394.903 450.732 0.0 0.0 381.045 576.375 373.955 576.447 335.586 768.278 262.421 953.381 401.869 576.376 440.303 747.453 377.311 932.27 461.403 209.779 0.0 0.0 415.846 206.5 0.0 0.0 447.216 970.748 440.252 963.683 349.659 939.492 342.551 991.668 318.164 995.208 241.313 963.879 
461.166 234.242 377.56 300.605 384.494 300.75 426.303 447.283 482.165 572.918 373.933 297.134 398.367 454.225 0.0 0.0 377.323 579.84 366.956 583.348 321.635 768.296 241.283 949.801 394.864 576.462 433.197 754.346 374.034 932.485 457.58 209.834 0.0 0.0 405.306 206.563 0.0 0.0 447.263 970.745 440.243 963.696 349.505 949.887 318.072 988.278 293.641 991.826 220.366 960.44 
450.8 234.324 370.41 293.865 374.044 297.175 415.859 440.358 485.466 569.282 353.052 293.652 370.45 457.716 0.0 0.0 366.977 579.871 349.54 583.348 318.135 768.257 227.399 949.872 377.562 576.444 426.186 754.446 373.888 935.839 440.267 209.968 0.0 0.0 398.354 206.555 0.0 0.0 450.67 970.76 440.221 963.711 349.373 953.349 297.216 988.206 279.723 991.712 206.259 960.387 
436.825 234.381 353.067 293.72 363.425 293.858 405.563 440.276 485.444 562.374 349.516 293.552 363.461 447.228 405.343 492.775 353.051 576.453 342.577 579.932 311.179 768.388 216.937 949.861 374.048 576.357 401.915 754.444 373.808 935.987 433.182 210.042 0.0 0.0 380.955 206.588 0.0 0.0 447.287 970.772 436.88 963.716 346.154 956.856 293.758 988.304 269.362 991.783 199.453 960.3 
429.785 234.494 346.003 293.712 349.41 293.707 402.049 436.778 478.707 548.554 339.048 293.662 363.47 447.295 398.431 489.373 345.934 579.872 321.752 583.414 311.078 768.381 220.376 946.433 363.459 576.44 380.924 757.947 373.755 942.931 426.174 210.075 0.0 0.0 373.929 206.49 0.0 0.0 450.785 974.286 440.286 963.86 346.152 963.709 293.731 988.265 272.687 991.76 202.832 960.293 
419.369 237.691 328.584 290.314 342.458 293.6 394.964 433.328 475.167 545.01 321.602 290.174 342.446 440.324 384.4 489.056 321.654 576.442 318.168 583.348 314.558 768.301 220.352 946.334 339.015 576.372 367.015 764.876 363.555 942.908 408.928 210.121 0.0 0.0 366.959 206.487 0.0 0.0 443.785 974.297 436.757 963.83 345.985 963.876 290.315 988.302 269.214 991.746 202.821 960.157 
405.539 237.718 321.548 290.296 321.762 290.233 381.015 433.261 464.8 541.588 314.663 290.287 332.032 436.815 374.008 482.198 311.186 576.385 304.179 579.853 311.156 771.801 216.955 949.8 318.072 576.348 346.156 768.274 349.546 939.508 402.022 213.354 0.0 0.0 349.709 206.457 0.0 0.0 429.872 970.769 426.284 963.741 335.601 963.804 290.293 988.281 269.22 991.742 199.491 960.182 
401.73 237.702 311.14 290.268 318.082 290.284 374.122 429.959 461.059 541.401 297.187 290.207 314.614 436.827 356.561 485.651 290.295 576.369 293.801 576.478 314.611 775.311 223.866 946.385 283.218 572.988 325.083 771.87 325.065 939.505 394.826 210.059 0.0 0.0 345.901 206.343 0.0 0.0 405.466 970.882 401.871 963.774 314.636 963.711 290.213 988.081 269.231 988.316 202.877 960.215 
391.394 237.711 297.172 290.239 304.183 290.191 366.911 429.884 454.241 541.481 290.275 290.217 307.604 436.836 349.493 471.71 286.695 572.914 286.718 573.015 318.206 768.444 230.746 942.844 286.668 572.858 311.173 768.274 290.277 936.007 380.928 210.102 0.0 0.0 332.119 206.439 0.0 0.0 373.989 970.754 367.006 963.822 286.67 956.808 290.325 991.746 265.843 991.882 203.003 953.371 
377.472 237.838 290.118 293.543 293.544 290.288 349.669 433.197 436.804 541.531 276.272 293.558 286.751 457.778 325.155 576.482 265.67 569.475 279.727 572.888 318.031 768.325 234.292 942.89 244.863 569.345 283.149 757.859 262.279 932.287 373.957 213.39 0.0 0.0 321.515 206.416 0.0 0.0 342.539 967.395 335.545 960.468 251.774 936.014 307.666 988.182 279.748 991.859 206.436 956.81 
370.373 237.859 272.745 290.292 286.746 290.299 342.438 429.879 426.344 544.848 265.654 290.261 276.224 457.71 318.247 573.06 258.759 572.818 269.222 572.93 317.975 768.412 234.221 946.34 237.929 569.344 258.824 761.331 223.903 925.437 359.963 213.461 0.0 0.0 314.622 206.377 0.0 0.0 283.306 963.792 286.713 960.24 199.382 936.059 300.657 984.703 286.584 988.279 206.503 960.374 
356.59 237.883 265.636 293.676 269.248 290.342 321.761 433.241 401.95 545.002 251.783 293.758 272.714 450.734 318.072 569.47 241.367 569.47 262.307 572.906 314.546 768.287 230.802 946.409 227.367 565.97 230.858 761.361 199.478 932.447 349.619 213.456 0.0 0.0 297.296 206.419 0.0 0.0 265.802 967.354 0.0 0.0 178.623 949.861 297.192 988.233 283.133 991.715 206.332 963.699 
346.188 237.913 255.314 293.649 265.612 293.633 311.171 433.202 381.022 552.053 237.902 293.668 265.674 457.709 314.688 565.863 234.326 569.466 255.325 572.901 300.737 768.418 227.377 946.344 209.885 565.943 209.777 757.862 168.037 928.834 342.559 213.469 0.0 0.0 290.182 206.368 0.0 0.0 206.341 932.468 0.0 0.0 154.017 942.896 293.723 988.186 272.75 991.636 202.947 960.359 
339.048 237.903 241.331 293.725 251.838 293.77 293.623 433.299 356.468 548.432 234.326 293.664 255.261 457.752 311.185 555.49 223.827 572.939 237.953 576.401 293.608 768.405 220.372 953.396 206.278 569.383 185.531 757.927 129.6 932.308 325.191 213.489 0.0 0.0 283.12 206.455 0.0 0.0 178.314 960.307 157.531 942.865 119.222 953.345 293.849 988.267 272.815 991.77 202.821 963.978 
325.191 237.983 234.357 293.678 237.974 293.777 276.183 436.794 338.974 569.448 216.859 293.55 223.849 461.28 290.144 544.916 209.998 569.447 234.39 573.004 286.585 768.475 216.968 956.874 188.974 565.841 178.499 750.97 101.733 932.398 321.54 213.551 0.0 0.0 265.924 206.444 0.0 0.0 178.333 974.24 160.995 963.78 84.319 949.899 293.765 988.248 276.197 991.743 202.847 967.348 
318.092 238.024 220.421 293.696 234.158 293.821 262.26 443.704 311.096 569.247 209.918 293.576 209.958 447.224 0.0 0.0 206.319 569.448 220.384 572.953 269.358 771.891 213.498 960.283 182.034 565.896 157.6 757.9 80.799 932.262 311.17 216.86 318.229 234.25 262.142 206.338 0.0 0.0 150.613 984.678 136.588 970.846 63.26 939.524 293.767 988.222 276.206 991.747 199.36 970.83 
311.065 241.284 209.959 297.139 213.443 297.131 241.409 454.23 286.754 573.082 202.984 293.819 244.793 457.657 300.736 548.531 192.425 569.455 209.84 572.926 262.095 771.878 210.106 960.442 178.441 565.909 150.701 757.841 63.258 932.446 297.205 216.914 0.0 0.0 251.796 206.45 0.0 0.0 126.186 984.819 119.119 974.326 38.988 946.392 293.829 988.225 276.231 991.817 195.882 977.847 
297.285 241.276 202.936 297.303 206.551 300.686 230.9 454.242 258.724 576.434 185.577 293.851 234.299 454.245 293.602 544.947 181.971 572.907 202.977 576.428 237.953 771.896 210.021 963.834 161.075 569.396 143.579 761.345 45.826 932.456 293.61 216.921 304.26 230.869 237.907 206.498 0.0 0.0 119.16 984.752 101.747 970.872 31.817 946.39 297.213 988.164 283.147 991.801 195.946 988.084 
290.167 241.332 185.552 300.645 202.818 304.177 209.964 457.557 234.33 590.322 178.531 297.147 227.276 461.128 290.138 545.148 171.497 576.397 182.068 579.864 216.958 771.945 209.851 963.956 150.66 572.882 136.574 764.713 45.83 932.509 283.208 216.968 293.504 234.242 234.175 206.38 0.0 0.0 119.095 984.752 101.723 974.23 31.781 946.425 293.698 988.111 276.185 991.764 192.468 988.238 
283.234 241.321 178.512 300.67 182.071 304.171 202.917 457.787 209.812 597.339 167.986 297.145 209.782 457.709 279.685 544.942 154.142 572.93 174.913 576.413 202.823 775.344 206.486 967.325 143.615 569.411 136.63 764.799 45.84 935.81 269.334 216.95 0.0 0.0 223.879 206.417 0.0 0.0 119.171 988.069 101.811 974.311 28.394 949.863 290.309 988.065 269.346 991.733 188.992 988.338 
269.39 241.266 174.991 304.123 175.049 304.196 181.829 457.693 188.953 597.277 168.074 297.202 206.432 464.726 265.827 544.929 147.139 569.418 150.575 572.867 178.604 782.363 206.227 970.854 140.089 565.946 136.595 768.383 45.944 932.531 265.75 216.873 0.0 0.0 210.042 206.406 0.0 0.0 122.567 988.225 105.237 977.789 31.86 942.958 290.279 988.104 269.327 991.795 185.51 991.703 
262.234 241.3 161.025 300.753 154.253 300.672 171.442 457.758 178.35 597.286 174.953 307.666 202.865 464.666 258.807 544.971 136.572 565.974 129.673 569.479 161.039 771.897 182.099 967.4 140.073 565.881 147.033 768.231 49.365 932.474 255.314 216.904 262.365 234.303 206.235 206.357 0.0 0.0 122.629 988.211 108.706 974.344 35.338 939.45 269.394 988.198 258.666 991.898 174.897 991.685 
255.241 241.345 153.994 307.628 147.132 300.707 150.751 461.14 157.589 597.245 164.537 311.159 185.611 461.167 241.281 544.891 126.085 565.876 122.651 569.409 150.701 768.248 154.194 963.744 129.648 558.985 140.086 764.856 52.884 928.811 241.328 216.951 0.0 0.0 189.064 206.412 0.0 0.0 108.73 977.772 98.341 967.25 38.857 935.852 237.96 988.33 216.917 995.19 147.075 984.679 
241.304 241.372 147.049 304.215 133.126 304.109 143.594 457.847 150.595 597.271 154.079 307.672 178.652 461.343 230.851 545.104 115.675 562.445 112.187 565.977 150.562 754.381 126.143 960.18 115.695 558.912 136.577 757.926 63.354 921.877 234.49 216.996 241.462 234.225 181.84 206.397 0.0 0.0 98.179 963.809 0.0 0.0 39.082 935.844 216.904 988.329 195.935 995.213 108.747 974.276 
234.243 241.312 129.641 304.104 122.794 300.63 126.219 457.855 143.601 597.226 147.091 311.071 157.644 457.702 209.977 544.981 115.605 565.97 98.241 569.408 126.023 761.379 108.772 967.295 126.148 565.911 157.513 747.392 63.302 914.928 223.931 216.977 234.473 234.158 174.993 206.345 0.0 0.0 133.119 908.138 0.0 0.0 39.055 932.495 202.844 991.664 178.566 998.736 94.724 988.144 
223.876 241.379 126.016 304.162 119.058 300.61 122.52 457.661 136.653 597.173 136.668 311.079 154.09 457.868 202.894 548.53 94.832 565.931 84.311 569.392 119.134 750.938 84.312 967.278 112.128 562.446 150.559 740.468 66.761 918.439 210.125 216.959 0.0 0.0 157.709 206.37 0.0 0.0 126.084 960.332 0.0 0.0 39.052 932.469 171.568 991.658 150.559 998.78 66.772 988.169 
209.951 241.36 115.692 300.667 98.424 297.151 112.245 457.732 129.691 590.349 126.172 307.598 136.614 454.292 181.885 548.519 91.226 565.864 70.474 565.955 94.838 761.298 56.279 963.886 101.678 562.42 150.5 743.9 63.232 908.065 206.317 216.94 213.471 230.836 150.572 206.27 0.0 0.0 115.577 914.952 101.68 908.051 9.159 921.986 143.624 988.373 122.627 995.364 38.799 988.183 