Frames: 141
Scale_Factor: 150
head upper_chest right_upper_arm right_lower_arm right_hand left_upper_arm left_lower_arm left_hand hips right_upper_leg right_lower_leg right_ankle left_upper_leg left_lower_leg left_ankle right_eye left_eye right_ear left_ear left_toes left_toes2 left_heel right_toes right_toes2 right_heel
328.651 206.451 338.985 332.053 258.669 332.082 237.701 457.746 234.468 576.432 412.362 328.563 436.733 457.634 443.734 572.766 335.629 593.886 286.661 597.248 265.909 768.492 262.315 932.251 387.993 593.798 405.373 764.773 408.933 908.11 317.948 195.95 349.514 192.47 293.592 223.85 374.12 223.916 429.757 963.758 450.69 956.848 401.96 928.812 241.272 970.883 227.38 963.698 265.94 939.404 
325.245 206.48 332.047 332.105 251.767 335.564 234.447 457.85 234.413 576.366 412.297 328.555 433.458 457.64 443.792 569.466 335.581 593.786 286.609 593.878 265.917 768.524 262.304 932.269 387.984 590.374 405.406 764.855 409.017 911.427 314.613 195.948 349.396 192.462 290.288 223.923 373.987 227.285 429.735 963.8 450.693 960.142 405.26 928.914 241.291 970.861 227.409 963.689 265.93 939.415 
325.049 206.484 325.219 332.113 244.883 335.622 234.393 457.873 234.32 573.034 408.834 325.213 433.437 457.68 443.831 569.417 332.127 590.352 286.55 593.762 265.896 771.804 262.287 932.301 387.893 586.876 405.393 764.891 412.336 911.42 311.126 199.373 346.04 192.48 290.109 227.327 373.848 227.292 429.703 963.785 447.312 956.894 405.332 928.89 241.281 970.897 227.397 963.717 265.909 939.43 
321.668 206.481 325.087 335.583 241.377 339.088 234.267 457.865 234.286 572.942 405.528 328.563 433.373 457.749 443.79 569.377 332.064 593.77 283.221 593.877 265.842 768.378 262.311 932.241 384.461 590.318 405.321 764.708 412.366 911.408 304.15 199.413 345.876 192.501 286.767 227.409 370.46 227.38 429.651 963.734 447.284 956.847 405.366 928.919 241.32 970.868 230.716 963.7 269.186 939.389 
321.588 206.541 321.72 335.581 237.977 339.024 230.917 457.815 234.327 569.536 405.377 328.586 433.268 454.303 440.354 565.933 325.245 590.372 279.745 593.839 265.826 768.306 262.306 932.268 380.947 586.862 405.259 764.756 412.366 908.098 300.682 199.411 345.824 195.96 286.621 227.307 366.92 227.331 426.369 963.695 447.226 956.809 405.396 928.818 241.302 970.878 227.408 963.711 265.96 939.422 
321.458 206.523 321.549 335.586 237.846 339.072 227.272 461.1 234.266 569.262 401.965 328.626 433.228 457.551 436.891 562.439 325.155 593.781 276.226 593.877 265.742 768.28 262.338 932.221 377.65 590.333 401.982 757.92 412.366 908.044 297.244 199.406 342.435 195.989 279.757 227.42 356.551 227.41 426.364 963.705 447.21 956.804 405.447 925.433 241.271 970.835 227.418 963.672 269.238 939.37 
318.005 206.56 318.084 338.966 234.345 342.445 213.381 461.214 234.343 555.508 401.712 328.634 429.898 454.145 433.428 558.925 325.126 590.361 279.649 593.776 265.709 768.232 262.322 932.304 377.549 586.888 401.909 761.288 412.399 908.0 293.759 199.419 332.095 199.362 272.725 230.73 352.989 230.723 426.333 963.703 447.217 956.795 405.502 925.389 237.978 974.247 227.391 963.722 269.198 939.443 
314.496 206.573 314.698 339.049 230.907 342.519 209.905 461.232 237.693 548.456 398.272 328.663 429.614 454.189 433.195 548.481 321.808 593.794 272.7 593.84 265.6 768.296 262.319 932.342 377.49 590.333 401.91 761.415 412.425 907.992 290.339 199.473 325.092 195.994 265.938 230.81 349.582 227.422 426.331 963.743 447.241 956.83 405.557 925.359 237.974 974.232 227.391 963.716 269.235 939.498 
304.174 209.797 311.091 335.569 227.389 339.067 206.528 461.183 237.81 541.362 387.873 328.562 422.778 447.234 429.669 541.429 321.55 593.768 265.851 593.81 262.318 768.323 262.287 932.421 374.091 586.916 401.777 761.405 412.384 908.006 290.056 202.851 321.622 196.014 265.638 230.864 349.36 227.421 426.379 963.761 447.298 956.828 405.492 925.355 237.955 974.276 227.369 963.765 269.192 942.853 
300.623 209.869 300.606 339.01 216.897 342.42 206.283 461.225 241.314 520.575 380.955 328.672 415.811 440.345 426.195 520.682 318.101 590.38 265.611 593.798 262.266 768.237 262.283 932.385 373.837 586.805 401.792 761.265 412.381 907.973 286.631 202.88 321.455 199.468 262.15 230.807 345.989 230.792 426.346 963.743 447.273 956.825 405.48 921.96 237.955 974.242 227.357 963.745 269.196 939.527 
297.167 209.884 297.141 339.1 213.49 342.488 202.79 461.118 244.902 506.646 377.549 332.109 408.913 440.241 412.357 513.466 318.034 590.33 262.378 593.826 262.181 768.362 262.305 932.358 373.809 579.954 401.744 761.358 412.335 908.031 279.777 202.901 318.103 199.494 258.72 230.742 342.532 230.748 429.623 963.798 447.272 956.882 405.401 921.993 237.913 974.293 227.344 963.765 269.238 939.497 
293.855 209.946 293.814 342.406 210.103 342.475 192.442 461.269 255.27 485.64 377.41 335.583 408.935 454.194 405.391 489.182 317.986 586.814 262.355 590.358 262.193 768.288 262.284 932.247 370.436 576.467 401.71 754.395 408.999 907.913 279.674 202.966 318.041 202.899 255.339 230.799 342.435 230.904 426.322 960.459 443.786 953.41 405.336 915.039 237.937 974.259 227.345 963.745 269.209 939.392 
293.791 209.994 293.796 339.118 210.045 339.092 189.044 464.645 258.807 457.624 377.326 339.032 408.944 457.779 384.402 464.794 317.982 586.897 262.29 593.791 262.17 768.441 262.217 932.238 370.474 579.882 401.773 750.959 408.959 904.572 276.247 206.21 317.968 202.942 255.204 230.817 339.041 230.839 429.676 960.446 447.239 953.341 405.25 911.526 237.961 974.235 227.352 963.741 265.898 939.344 
293.812 210.059 293.773 339.033 213.342 338.974 188.946 464.828 262.201 429.775 374.044 335.621 408.93 461.062 377.547 443.778 318.051 586.834 262.388 593.789 262.189 768.413 262.212 928.987 370.484 576.455 401.802 747.445 408.864 904.411 276.281 206.262 317.973 202.994 255.203 230.777 339.047 230.737 429.767 960.257 447.283 946.373 401.903 908.113 237.99 974.258 227.357 963.76 265.892 939.328 
297.157 210.079 293.738 335.577 210.1 335.505 192.527 464.664 262.296 405.37 373.95 335.553 408.937 461.281 377.342 426.279 318.043 586.883 262.372 593.815 262.197 768.44 262.148 928.961 370.531 579.83 401.894 747.405 408.856 904.318 279.747 206.268 318.07 206.228 255.244 230.776 339.075 230.779 429.756 956.744 447.256 939.442 401.89 908.043 241.333 970.829 227.377 963.735 265.844 936.059 
300.636 210.108 293.74 332.102 213.466 328.669 199.459 461.153 262.244 384.475 373.975 332.128 412.367 461.225 377.502 401.952 318.077 583.42 265.608 593.764 262.247 768.359 262.133 932.226 370.536 576.394 401.947 747.427 405.536 901.006 286.577 206.28 318.19 206.269 258.644 230.76 342.51 230.869 429.876 956.737 450.694 939.367 401.801 907.976 241.311 970.839 227.362 963.74 265.797 939.358 
304.146 213.377 293.834 328.584 223.817 328.54 206.315 457.635 262.375 370.54 373.975 328.64 412.445 457.758 374.115 377.621 318.162 586.819 265.685 593.78 262.3 768.271 262.066 928.943 373.806 576.422 401.996 740.558 405.583 897.51 286.756 206.309 321.457 206.284 258.841 230.781 342.52 227.417 429.888 953.324 447.315 936.028 401.866 904.534 241.293 970.883 227.281 963.78 265.707 939.34 
307.649 213.513 300.642 328.544 227.388 325.239 209.849 447.199 269.258 345.876 377.507 325.191 419.364 454.128 373.83 359.935 321.552 586.839 265.862 593.765 262.304 768.328 258.826 928.871 374.039 576.445 402.04 740.598 408.84 897.474 290.067 206.368 321.598 206.296 262.168 230.827 345.958 220.426 429.889 953.315 450.705 936.026 401.905 904.472 241.312 970.877 223.922 963.801 265.69 936.032 
314.504 213.545 311.063 325.229 234.171 325.218 213.377 436.855 272.71 325.043 380.951 325.19 422.885 440.365 374.021 353.082 321.75 590.34 269.277 593.903 262.426 768.323 258.808 928.793 377.433 579.924 405.291 740.537 408.878 897.491 290.242 206.424 321.736 206.267 262.42 230.864 346.15 216.874 429.84 949.897 450.726 935.992 401.896 904.504 241.409 970.827 227.319 963.782 265.646 935.961 
317.914 216.888 314.631 325.13 234.357 325.125 227.368 429.904 279.702 311.18 394.846 328.574 426.266 433.394 373.903 338.972 325.136 590.322 272.8 593.861 265.664 768.358 258.747 928.788 377.562 583.354 405.391 744.033 408.86 897.501 293.561 206.507 325.213 206.364 265.795 234.241 349.523 223.869 429.811 949.855 447.319 935.967 401.935 904.486 241.429 970.844 227.315 963.804 262.372 935.917 
318.096 220.363 318.119 325.11 237.784 325.061 234.458 426.185 286.668 293.864 398.383 325.213 429.778 429.697 374.013 325.123 328.576 583.338 279.667 590.326 265.664 768.274 258.695 925.41 380.996 576.382 405.456 743.92 408.963 897.48 293.773 209.812 332.096 206.488 269.207 234.326 349.75 230.748 429.804 949.878 450.716 935.996 402.019 904.452 241.434 970.835 227.297 963.812 262.306 935.873 
321.46 230.872 321.614 328.599 241.361 325.142 237.925 408.926 290.148 290.316 401.905 328.575 429.907 422.844 377.287 318.132 335.577 586.889 286.6 593.774 265.808 768.447 258.742 925.452 384.516 579.898 405.547 743.984 408.953 900.958 297.241 210.068 339.11 209.943 269.366 234.284 359.94 230.808 429.781 953.269 450.693 936.049 401.985 904.58 241.459 970.894 227.364 963.842 262.32 935.898 
321.626 234.438 325.066 335.516 248.338 332.019 241.417 405.512 290.188 290.262 405.455 332.059 433.207 419.263 377.528 317.959 342.593 590.343 290.175 593.784 269.258 768.432 258.729 925.464 398.259 586.839 408.886 750.882 408.877 904.349 300.724 216.959 342.586 213.48 283.167 234.481 370.337 234.307 429.726 953.289 447.251 939.344 401.892 908.002 241.432 974.241 227.367 963.859 262.286 935.926 
325.134 237.88 338.967 335.568 258.823 335.612 244.877 405.512 290.168 293.744 415.867 332.147 433.498 415.834 381.007 314.574 346.019 590.405 293.532 593.793 276.265 768.254 258.782 928.788 401.706 590.306 408.913 754.386 408.889 904.53 311.191 230.71 346.069 223.905 290.085 238.009 373.883 237.778 429.759 953.268 447.255 939.342 401.892 911.45 241.418 974.277 227.363 963.862 262.345 935.948 
332.049 241.362 345.852 342.548 265.666 342.536 251.84 405.484 290.342 297.23 422.83 342.395 436.777 412.444 384.435 314.585 349.402 597.239 293.74 597.291 279.782 768.338 258.815 925.338 401.873 593.907 408.98 761.311 412.369 904.6 318.01 234.221 349.478 230.844 293.645 244.775 377.315 237.887 429.762 949.87 447.315 939.332 405.325 911.59 244.788 970.823 230.721 963.792 262.349 935.823 
335.549 244.817 346.1 345.863 269.195 345.935 255.334 405.539 293.573 297.205 426.26 342.54 436.738 412.45 387.889 314.527 349.571 593.902 293.867 593.892 290.009 764.863 258.805 918.473 405.262 593.907 415.904 764.854 415.84 907.888 318.135 234.376 349.575 234.21 293.834 248.359 377.424 238.029 429.71 949.825 450.661 939.356 405.39 914.984 244.799 970.814 230.728 963.783 262.283 932.468 
339.116 244.898 349.503 345.925 272.769 346.045 258.685 408.907 290.302 304.145 426.379 342.554 433.43 412.437 387.936 311.169 349.617 597.267 297.12 597.285 290.073 764.969 258.852 915.04 405.324 597.245 422.746 764.952 415.823 907.849 318.24 234.447 349.725 234.236 297.168 251.815 377.534 238.047 429.71 949.829 447.318 939.36 405.344 914.927 244.884 970.791 230.805 963.757 262.319 932.352 
342.569 244.836 349.549 346.045 272.742 346.177 258.737 415.79 290.238 307.673 429.645 345.844 433.414 415.799 387.857 311.197 349.714 597.216 297.278 597.214 290.088 764.898 262.083 914.9 405.392 597.196 429.592 764.993 415.869 904.577 321.515 234.401 353.136 234.208 297.229 251.771 377.607 241.314 429.673 946.414 447.278 939.328 405.343 911.473 248.309 967.315 230.911 960.421 262.372 932.248 
345.864 241.391 349.528 345.893 272.741 346.056 258.669 419.374 290.188 304.202 429.645 342.462 433.312 412.344 384.42 311.198 349.717 593.785 297.285 593.753 290.146 761.318 262.098 911.422 405.376 593.79 426.343 764.892 415.918 904.445 321.592 234.277 356.455 230.82 300.645 248.312 377.671 237.956 429.692 949.798 450.66 936.087 405.408 908.057 248.278 964.013 230.904 960.343 262.38 925.484 
345.95 238.035 349.501 342.56 272.747 345.949 258.754 419.267 290.005 307.638 429.614 335.615 433.169 408.859 380.948 307.678 349.657 590.366 297.224 590.331 290.206 757.85 262.057 908.046 405.32 590.367 426.365 761.346 419.298 904.456 321.66 230.921 356.482 227.377 300.638 241.468 377.649 237.763 429.742 949.85 450.739 939.348 405.428 908.101 248.36 963.906 234.18 960.234 262.302 921.95 
345.97 237.851 349.377 342.439 269.29 342.515 258.737 415.861 286.699 300.76 426.287 332.071 429.87 405.483 377.448 300.711 349.562 586.827 293.853 583.398 290.265 750.965 262.059 904.49 405.252 586.833 426.24 757.932 419.297 904.475 321.677 227.39 356.5 223.849 297.266 241.286 377.6 237.704 429.734 949.891 450.685 939.385 405.46 908.124 251.824 963.827 234.286 956.907 262.201 911.408 
345.893 237.708 345.872 335.599 265.671 335.554 258.707 412.402 283.136 307.651 419.389 328.652 429.745 405.418 374.054 297.212 349.411 583.326 293.719 579.91 290.248 747.5 258.821 901.06 401.939 583.34 422.778 757.831 419.327 904.46 321.57 223.846 356.477 216.984 293.88 237.934 377.551 234.479 429.729 949.923 450.715 939.404 405.467 908.122 255.272 963.761 234.356 956.853 262.14 907.953 
342.541 234.501 338.99 328.617 262.219 328.631 258.673 408.954 279.68 297.124 412.388 328.623 429.63 405.284 373.957 297.173 346.105 583.387 293.627 583.389 290.191 750.867 258.818 904.505 401.776 583.392 415.835 754.388 415.872 904.381 318.266 220.394 353.079 216.952 293.649 237.812 377.429 234.435 429.664 949.825 447.287 939.333 405.407 908.067 258.665 963.822 234.404 960.186 262.097 911.459 
342.407 237.719 328.636 328.645 258.754 332.029 258.679 408.894 272.816 293.77 408.874 328.665 426.282 405.34 373.967 297.228 345.974 583.421 293.543 583.436 290.105 754.423 258.844 904.514 398.416 583.38 412.323 750.895 415.781 904.397 318.173 223.847 349.728 220.371 293.582 237.854 374.128 234.394 429.694 949.882 447.316 939.351 405.328 908.079 258.662 963.792 234.409 956.904 262.124 911.413 
335.505 237.871 321.768 332.028 244.906 332.067 255.231 408.887 272.801 293.691 401.948 328.569 422.729 405.307 373.876 297.203 342.58 579.957 290.223 586.806 290.029 757.907 258.754 908.002 394.92 579.837 408.932 747.435 412.446 904.399 317.962 227.424 349.48 223.925 290.169 237.828 373.922 234.476 429.722 953.303 450.683 939.39 405.362 908.074 255.236 963.922 234.275 960.261 258.803 915.016 
325.175 241.282 318.262 339.018 241.322 335.605 248.302 408.917 272.789 293.719 391.45 335.514 419.346 405.499 373.955 300.64 342.462 590.32 290.093 593.79 283.249 764.699 258.764 908.063 391.438 583.435 415.81 761.325 412.387 904.379 314.511 230.864 346.071 230.84 286.643 237.796 370.472 237.825 429.758 953.346 450.677 939.398 405.289 907.963 251.799 964.002 234.229 960.318 262.108 918.441 
321.526 241.369 314.646 342.453 237.868 342.514 244.839 408.878 276.179 290.306 377.586 335.556 415.86 408.916 373.867 297.243 332.103 590.311 286.567 593.873 279.656 768.222 258.774 911.508 381.042 583.334 419.291 761.34 412.32 904.309 300.737 234.158 342.421 230.918 276.249 237.985 356.6 237.976 429.785 953.276 447.316 936.08 405.248 907.902 251.814 967.302 234.23 960.399 262.2 925.441 
318.15 241.405 311.072 345.821 237.734 342.585 244.759 405.352 283.187 286.704 377.312 342.502 412.346 415.83 370.431 293.881 328.659 593.789 283.206 597.327 279.707 768.352 258.789 911.475 380.885 586.842 415.905 761.295 412.29 900.901 297.185 234.194 332.093 234.233 269.283 241.361 349.708 241.45 429.8 953.301 447.253 936.074 402.03 904.47 251.864 967.282 234.255 960.394 262.222 925.387 
317.954 241.387 304.102 342.601 234.403 342.594 241.414 405.228 283.183 286.669 373.912 342.538 408.873 422.765 370.514 307.606 328.589 590.402 283.168 597.27 279.704 768.37 258.755 911.445 377.58 583.369 422.821 761.346 412.384 897.535 293.749 234.182 328.562 234.27 265.868 241.373 349.447 244.896 429.83 949.894 450.664 936.024 405.258 904.361 251.865 963.982 234.233 960.33 262.191 921.983 
314.556 241.286 300.668 342.454 234.386 342.466 241.379 401.982 286.651 279.741 373.898 338.993 405.524 426.184 370.359 314.508 328.572 593.747 283.136 597.266 279.704 768.414 258.772 911.511 377.561 583.401 426.168 757.874 412.396 897.452 293.605 230.78 325.16 234.151 265.802 237.853 349.388 241.333 433.155 946.4 450.747 935.915 405.256 904.341 255.213 967.304 234.253 960.401 262.173 925.402 
314.563 238.019 304.203 335.614 234.392 338.978 241.378 401.941 290.134 279.694 377.349 332.053 405.406 426.189 370.386 314.638 328.658 590.324 283.234 593.904 279.663 768.291 258.784 911.468 377.657 579.939 422.879 757.846 412.437 890.48 293.548 227.43 325.089 230.737 265.699 237.905 349.435 237.865 433.167 939.521 450.718 932.545 405.302 900.897 255.252 967.283 234.278 960.372 262.153 921.991 
311.156 237.897 311.049 335.513 234.384 335.536 241.382 401.928 290.309 272.819 377.622 328.61 405.249 415.868 366.92 311.049 332.149 586.838 286.616 593.816 279.678 768.277 258.767 911.564 381.017 576.436 422.827 747.445 415.887 887.049 290.326 223.876 321.801 223.937 265.724 234.415 349.438 234.484 433.461 942.833 457.586 932.514 405.302 897.538 255.342 967.322 234.322 960.447 262.13 928.808 
314.596 237.707 314.592 332.114 234.427 332.041 244.774 401.973 293.605 279.677 387.932 328.627 405.294 412.325 360.03 304.224 339.044 586.892 289.998 593.825 279.753 764.949 258.78 911.441 387.926 579.854 422.82 747.395 422.779 890.552 293.543 220.399 325.15 220.371 265.823 237.707 349.508 234.497 436.857 942.868 457.669 932.543 405.444 900.932 255.306 963.911 234.302 960.274 262.181 925.393 
317.966 234.446 318.056 332.097 237.796 328.644 248.366 405.271 293.672 279.769 394.86 328.593 405.404 408.889 366.884 304.13 342.568 586.879 290.182 590.409 283.155 764.925 258.747 911.444 394.898 579.91 419.303 747.386 422.836 887.092 293.709 216.931 328.607 216.914 265.921 234.424 349.618 234.396 443.717 942.976 457.828 935.751 405.453 900.868 255.326 963.997 234.318 960.341 262.159 925.404 
318.249 234.412 321.563 332.014 241.323 328.669 255.294 405.398 293.67 290.069 401.704 325.139 405.484 405.366 356.546 293.823 345.915 590.402 290.324 593.871 290.018 754.405 258.832 908.012 398.36 586.853 419.282 743.966 426.367 890.586 297.202 216.932 338.984 213.501 269.362 234.502 353.126 230.799 440.295 946.324 457.818 935.8 408.908 904.352 255.298 963.968 234.322 960.29 262.165 918.466 
321.732 234.462 321.8 335.59 248.292 339.068 258.821 408.958 293.778 290.152 405.284 325.163 408.879 401.971 370.374 297.21 346.162 590.315 293.728 593.788 290.174 754.403 258.806 908.137 401.778 583.373 422.881 747.458 426.239 897.453 304.159 220.386 342.607 216.857 279.689 237.776 366.903 234.286 440.285 942.972 457.822 935.788 405.549 904.434 255.28 967.263 234.301 960.355 262.119 921.964 
332.027 237.732 328.64 335.543 258.819 342.532 258.695 422.861 293.722 297.274 405.551 325.095 422.787 401.845 370.506 293.61 349.516 590.361 297.163 593.819 290.284 757.913 262.102 911.444 401.988 583.403 429.685 754.382 426.34 900.905 314.662 227.33 346.143 220.395 290.035 238.012 370.515 234.421 443.776 946.405 461.084 935.873 408.836 904.587 255.245 963.992 234.264 960.3 262.253 925.428 
342.441 237.895 342.452 342.467 262.303 345.994 258.681 429.924 293.872 307.603 415.853 328.629 429.643 401.83 374.087 293.715 353.062 597.227 304.104 597.358 293.618 764.866 262.16 911.433 405.509 593.801 429.86 761.41 429.739 904.38 318.219 230.769 349.72 223.934 290.349 241.398 377.323 237.763 447.219 949.861 461.158 935.982 412.389 908.028 255.304 967.259 234.32 960.337 262.314 925.366 
349.408 241.284 345.897 342.565 265.68 346.022 255.209 433.278 297.138 318.197 422.737 335.571 433.167 401.942 377.446 293.775 356.445 597.266 307.603 597.349 293.861 764.954 262.178 908.034 405.563 593.881 433.227 764.87 429.784 904.461 325.21 234.149 360.058 230.731 297.175 244.769 377.61 237.911 447.188 946.409 461.178 935.969 415.799 908.152 258.697 963.964 234.399 960.268 262.197 918.388 
353.103 241.279 346.032 342.599 265.812 345.933 241.39 433.39 297.238 321.796 422.759 342.406 436.72 405.341 381.012 293.87 356.573 597.208 311.119 597.322 300.72 765.0 262.114 904.539 408.859 593.818 433.326 764.884 429.7 904.344 339.056 234.153 373.778 230.723 304.176 244.88 384.462 237.984 443.748 946.431 461.086 935.998 408.997 908.029 255.281 963.936 234.367 960.209 258.799 908.039 
366.943 241.273 349.426 342.563 269.309 342.555 237.716 429.86 307.617 321.784 422.755 339.11 443.797 405.293 391.422 297.178 360.002 600.725 314.522 600.828 307.583 768.264 258.73 901.002 408.889 597.367 433.419 764.908 429.661 904.302 345.933 230.871 377.394 227.429 314.566 244.852 394.942 237.946 443.81 946.415 461.09 935.975 408.901 907.987 258.671 963.9 234.406 960.162 251.8 904.328 
370.484 237.804 349.491 339.018 279.686 332.12 230.85 412.303 307.673 318.228 415.844 338.981 457.528 405.388 398.414 297.219 356.593 597.433 314.529 600.8 311.091 765.021 251.765 900.978 405.545 597.345 433.496 764.784 429.599 900.963 346.169 227.363 377.555 220.461 318.044 241.354 398.405 234.433 443.826 946.396 461.088 935.943 408.798 907.846 258.661 963.85 234.356 956.887 241.366 900.95 
373.915 234.482 349.393 325.078 283.139 321.676 220.416 384.472 318.105 293.84 408.99 328.57 457.669 408.812 401.888 300.673 359.936 593.902 314.623 597.29 307.668 764.993 244.825 900.99 405.451 593.826 436.721 764.784 429.595 897.555 349.553 220.461 380.919 216.876 318.179 237.872 401.827 234.195 447.224 946.431 461.116 935.926 405.486 904.465 258.692 963.721 234.32 956.788 237.898 900.96 
374.056 234.305 349.517 325.038 290.301 321.753 213.396 349.548 318.181 276.204 405.567 328.627 457.576 412.346 408.836 311.127 356.508 590.404 314.616 593.823 304.18 764.957 241.339 904.443 405.327 590.326 433.227 761.418 426.202 897.432 349.581 216.876 381.047 213.356 318.148 237.89 0.0 0.0 443.718 946.408 457.786 935.888 405.342 904.324 251.836 963.994 230.89 960.297 237.808 904.537 
370.394 234.394 346.17 321.655 290.319 318.011 227.331 318.025 321.61 241.267 402.004 335.568 450.741 412.389 405.566 300.703 353.094 583.395 314.554 586.883 300.646 768.36 237.97 907.852 401.996 579.888 429.959 761.354 426.2 900.956 345.904 213.536 377.518 213.346 318.015 234.437 398.375 234.239 443.712 946.409 457.839 935.896 405.43 904.618 251.788 967.435 230.765 963.711 234.365 908.023 
370.368 234.427 345.979 321.788 290.252 314.652 241.42 272.717 318.237 206.552 398.416 342.551 436.768 419.371 405.563 307.624 349.661 579.913 311.052 583.376 300.736 768.241 238.025 911.406 401.768 576.458 429.859 757.904 419.365 897.562 345.985 220.371 377.559 213.449 314.529 237.827 398.41 227.314 443.766 949.813 457.847 935.903 402.033 904.45 258.798 974.27 234.319 963.937 234.294 914.961 
363.54 238.041 342.552 338.958 290.239 321.468 272.739 244.846 307.686 167.996 384.46 349.385 429.97 426.326 402.037 304.137 349.441 590.301 304.1 590.376 307.642 764.979 241.322 918.454 398.328 586.831 429.746 757.878 419.264 900.976 345.865 230.786 377.297 227.326 307.69 237.933 391.348 237.785 443.822 946.439 457.845 935.881 401.985 904.583 262.144 981.193 234.448 967.434 234.47 928.832 
353.146 244.877 335.61 338.97 290.128 321.605 293.619 248.297 293.772 154.09 377.532 349.419 429.702 429.823 401.884 314.626 346.052 590.298 297.245 590.398 304.162 768.533 241.27 925.463 387.929 583.381 429.707 761.432 412.386 900.903 339.079 234.335 373.792 234.17 311.178 241.443 381.083 237.854 440.283 946.314 457.74 935.825 401.897 904.521 262.275 984.652 237.779 974.253 234.423 932.289 
349.539 255.265 328.569 346.036 286.624 328.652 293.714 244.83 293.612 150.574 377.317 356.49 422.801 433.207 398.45 318.04 345.874 593.806 293.866 593.89 300.689 782.291 237.96 928.921 380.964 590.318 429.636 764.852 409.01 900.932 332.011 237.73 366.993 234.499 311.043 251.831 377.579 244.855 443.734 946.384 457.719 935.853 401.861 904.547 262.117 981.331 234.407 970.875 234.259 932.481 
346.113 262.13 321.747 349.431 283.178 335.598 290.04 244.784 290.286 150.702 373.805 363.535 415.887 433.498 398.413 325.053 339.081 597.312 293.61 600.743 300.696 782.37 237.893 932.237 377.512 593.86 426.321 768.254 408.901 897.481 325.1 238.038 359.975 238.001 297.311 258.645 377.358 251.822 436.905 942.95 457.613 935.806 401.822 904.387 258.817 984.656 234.38 970.874 230.912 935.774 
342.603 262.319 321.48 349.615 265.878 342.501 276.262 248.307 286.738 154.107 373.818 367.006 412.404 440.286 394.878 325.179 335.504 600.863 290.188 604.317 297.302 792.64 237.979 932.376 377.435 597.439 429.606 771.809 408.881 897.435 321.546 241.428 353.057 241.304 293.733 262.19 373.945 258.71 440.291 942.901 457.597 935.736 401.767 901.047 258.79 984.718 234.366 974.29 234.262 935.88 
339.016 262.19 318.205 349.519 265.64 342.576 265.749 258.79 276.304 164.507 373.8 359.983 412.322 440.308 381.008 321.513 332.086 600.906 290.08 604.359 297.153 792.773 237.957 932.509 377.449 600.759 426.355 768.533 408.954 890.591 318.085 241.311 349.585 238.001 290.004 262.204 370.511 258.845 436.894 939.535 457.603 932.483 401.826 900.952 258.789 984.747 234.388 974.354 234.262 936.04 
332.106 258.786 318.083 346.063 262.171 339.021 258.822 272.701 269.352 178.328 373.836 349.63 405.545 436.726 377.644 314.692 332.046 600.767 286.774 600.95 293.71 792.667 238.032 932.357 377.47 597.29 429.642 768.438 412.329 887.082 314.686 237.891 349.403 237.794 286.602 258.788 370.359 258.75 436.87 939.517 457.607 932.462 401.915 897.542 258.777 984.704 234.388 974.291 234.402 935.859 
328.59 248.368 318.087 346.002 258.745 342.482 241.441 293.765 276.196 185.433 374.07 349.386 405.565 433.191 377.581 307.699 332.031 597.368 286.672 600.804 290.32 789.202 241.303 932.255 377.57 593.907 429.631 768.266 412.421 887.001 314.551 234.458 346.09 234.386 286.591 255.287 366.991 255.208 436.818 939.481 457.603 932.412 401.982 894.066 258.82 984.669 234.405 974.252 237.763 935.853 
325.118 241.306 317.96 328.656 258.752 321.747 234.471 339.078 286.612 202.936 373.968 342.522 405.543 426.364 377.537 297.292 335.54 590.346 290.009 593.83 290.295 771.974 241.341 925.428 380.892 583.431 426.354 764.891 415.877 883.63 307.629 230.863 345.929 230.749 272.77 241.438 360.018 241.265 436.914 939.457 457.693 932.383 405.234 893.996 258.753 981.291 234.29 970.781 237.842 932.351 
321.73 234.431 314.5 321.655 241.273 318.136 238.024 360.068 279.741 237.985 377.298 325.235 408.891 412.294 377.426 286.625 335.577 579.921 286.763 586.87 290.179 768.399 241.432 928.803 380.974 576.365 429.589 761.423 422.841 883.662 304.177 220.326 345.837 216.852 272.827 234.449 359.989 237.715 440.328 939.504 457.804 932.421 405.411 894.053 258.782 984.634 234.319 970.845 237.952 932.454 
321.505 220.384 314.694 318.187 237.908 314.678 255.194 377.603 283.246 269.257 380.885 321.525 408.994 405.328 377.404 276.178 339.089 576.377 290.135 579.905 290.076 768.344 241.48 921.909 384.442 572.837 429.678 764.702 426.248 887.052 304.104 206.318 342.48 206.58 279.683 216.878 359.968 230.87 443.744 939.49 457.879 932.378 405.506 897.441 258.818 977.835 234.304 967.353 241.343 932.283 
321.704 220.394 318.085 318.061 241.389 318.073 258.85 401.959 290.1 276.253 377.642 317.955 415.851 401.688 377.639 279.751 342.61 572.824 290.263 572.995 290.13 764.878 244.794 925.367 391.45 569.368 429.617 750.951 429.757 893.994 304.181 206.556 342.62 206.47 272.806 230.74 360.073 223.817 447.287 942.974 461.209 935.765 412.403 901.042 258.715 981.276 234.257 967.415 241.356 932.394 
321.656 216.962 321.679 318.178 248.307 321.652 265.679 419.374 293.551 290.31 394.956 317.908 426.194 391.432 377.553 272.798 346.074 572.923 293.658 573.032 290.148 764.719 248.373 918.48 398.428 572.802 429.613 750.895 433.153 900.958 304.109 206.478 342.607 206.379 279.736 230.732 366.916 216.956 450.719 953.318 461.406 936.035 426.19 904.599 258.782 984.688 234.368 970.817 248.268 928.967 
321.778 216.982 328.605 321.639 255.338 328.6 269.312 429.766 293.85 297.215 405.384 318.09 426.312 391.372 377.521 276.191 349.432 572.938 293.819 573.019 290.179 761.364 251.774 915.034 401.889 572.824 429.649 750.941 433.221 904.366 307.624 206.445 345.928 206.354 286.562 230.767 370.467 213.519 447.31 956.865 464.646 942.842 426.294 907.928 258.727 984.666 234.321 970.755 248.341 928.888 
325.136 223.846 339.089 325.116 262.193 338.992 279.788 433.458 300.692 311.109 412.318 318.239 429.707 394.871 377.464 279.774 349.732 572.951 297.312 573.001 290.324 761.449 251.813 918.431 405.382 572.888 429.761 757.839 433.193 904.573 314.495 209.832 346.033 206.534 290.079 234.354 373.851 223.873 450.669 960.236 461.403 946.365 426.188 911.442 258.764 984.74 234.348 970.866 248.362 928.866 
332.055 230.87 345.856 332.02 262.394 342.414 286.681 436.893 304.172 317.955 419.284 321.592 429.904 394.922 377.577 286.604 356.455 573.035 307.611 573.028 293.631 764.799 251.811 925.349 408.796 572.969 429.969 764.694 433.18 907.832 317.926 210.103 349.447 209.92 290.315 237.728 374.072 230.766 450.664 960.162 461.332 946.331 426.185 911.574 258.71 984.788 234.332 974.277 251.728 932.344 
335.572 234.378 346.166 342.488 265.845 346.055 290.048 440.266 311.137 321.683 429.671 325.033 433.278 398.46 377.613 286.738 363.464 590.286 314.528 590.291 293.794 765.01 251.867 925.407 415.793 586.878 433.295 768.238 433.245 907.967 318.023 220.336 349.654 213.411 293.66 241.316 377.516 234.281 447.283 960.195 461.342 946.428 426.212 918.408 258.813 984.767 234.402 974.258 248.334 932.384 
339.089 237.68 349.622 345.859 272.708 349.457 290.135 443.733 314.664 321.481 429.916 325.248 433.419 401.83 380.964 290.125 370.321 586.912 317.95 586.868 297.121 768.402 255.321 925.375 422.752 590.289 433.438 768.47 433.331 908.137 318.177 223.914 353.018 216.888 293.865 244.8 380.906 234.417 450.655 960.204 461.396 949.858 426.288 925.424 258.704 984.739 234.351 970.837 255.197 932.334 
345.846 237.678 353.045 345.887 276.199 349.532 290.215 443.706 317.989 318.166 433.261 325.248 436.738 401.953 381.019 290.101 370.523 590.388 318.119 590.298 300.644 768.313 258.629 921.894 426.196 593.808 436.8 771.93 433.328 911.421 321.527 223.935 356.496 216.95 297.319 244.843 381.094 234.494 450.749 960.277 464.65 953.276 426.244 925.451 262.132 981.303 234.455 967.442 255.192 932.281 
346.037 237.674 356.518 345.834 283.139 349.503 290.215 436.908 318.032 318.012 433.45 325.15 440.238 401.989 384.405 290.129 373.799 590.304 318.188 586.821 304.156 768.289 262.197 914.976 426.316 590.395 436.778 768.388 433.359 908.086 321.716 223.852 360.061 216.885 304.113 241.372 387.881 234.464 450.732 960.285 461.418 953.28 426.291 921.967 258.787 984.644 234.481 967.375 262.178 928.787 
346.2 234.324 356.586 339.096 286.579 346.005 290.062 433.388 317.985 318.05 436.839 321.796 440.355 401.917 381.084 290.063 373.894 576.46 321.444 573.026 307.683 764.86 262.274 914.981 426.376 579.893 436.806 768.24 433.365 907.962 325.129 216.9 366.977 213.355 304.207 237.852 391.394 234.255 447.272 960.27 461.378 953.281 426.335 918.434 262.366 981.299 237.92 967.346 262.175 928.807 
349.489 234.14 359.944 328.637 286.676 342.419 283.227 429.809 314.557 307.621 436.874 321.701 440.235 401.755 380.966 283.27 373.924 572.82 321.509 569.444 314.592 757.841 262.336 908.047 426.309 572.917 436.758 764.805 433.477 907.941 328.593 213.441 370.413 209.989 311.071 237.703 394.89 230.881 447.184 956.902 464.647 949.828 429.705 918.438 269.204 977.732 241.448 963.941 258.825 914.917 
349.587 227.347 356.513 321.703 286.587 325.183 269.265 412.391 314.55 290.064 436.772 321.493 443.722 398.429 384.498 283.199 373.933 569.464 321.508 569.396 318.073 754.354 262.384 907.86 426.33 572.809 436.794 761.289 436.719 907.882 332.081 209.957 373.756 209.752 314.53 234.271 398.321 230.724 447.259 956.891 464.75 949.808 429.731 915.029 269.192 974.28 244.815 963.853 258.798 908.125 
349.701 223.865 356.461 321.575 283.189 321.781 265.668 398.288 300.715 276.246 433.456 318.273 443.816 398.403 398.225 286.655 373.854 572.888 318.274 572.874 318.117 757.891 262.286 904.575 426.23 572.907 440.25 761.254 433.496 904.574 338.99 209.764 373.829 206.518 314.553 230.849 398.308 227.293 447.201 956.779 464.711 946.358 429.736 911.566 269.202 970.886 244.824 963.832 255.327 907.97 
349.646 216.859 356.473 321.532 286.739 321.526 248.379 370.416 293.736 255.305 433.284 321.552 450.693 401.825 401.655 290.139 370.43 572.82 318.121 572.845 318.072 757.932 262.25 908.017 419.299 569.505 436.918 757.866 433.425 904.516 335.528 206.468 373.802 206.341 314.6 230.893 398.279 223.875 447.236 956.842 464.681 946.375 429.652 911.468 265.938 974.298 244.767 963.892 255.275 911.59 
353.067 220.336 349.687 318.211 286.733 314.662 244.845 325.132 300.696 216.977 426.328 321.762 443.789 405.227 401.669 290.148 367.031 572.818 318.072 572.886 317.972 761.437 262.211 908.095 412.369 569.473 440.216 761.337 433.394 904.565 342.419 206.562 373.876 206.439 311.092 230.789 394.958 227.373 443.759 956.769 461.372 946.31 429.643 911.451 269.29 977.793 244.885 967.27 255.244 914.942 
349.685 223.871 349.677 325.084 290.036 321.622 258.72 290.191 314.554 161.133 422.832 328.649 440.217 405.369 398.414 293.731 363.535 576.45 314.679 579.863 314.617 764.966 262.073 911.531 412.298 573.034 433.483 757.932 433.334 904.587 332.132 209.947 370.533 206.526 311.07 234.442 391.428 230.763 447.287 956.866 461.4 946.32 426.268 911.48 269.224 977.755 244.815 967.268 251.778 918.47 
349.626 234.232 345.979 321.773 279.7 318.261 269.24 244.767 297.232 150.727 405.353 325.204 436.741 408.873 398.274 297.188 356.567 576.499 311.186 579.904 314.551 768.316 258.632 914.974 405.526 576.394 433.293 764.706 433.25 907.875 332.041 213.493 370.424 210.093 307.575 237.788 384.479 234.192 447.285 960.172 461.33 946.395 426.204 914.938 265.833 984.656 241.376 970.777 241.374 918.462 
346.183 237.708 342.551 321.763 286.7 318.196 290.089 234.332 293.637 150.443 398.309 332.071 433.303 415.806 398.253 300.675 353.16 583.368 311.134 583.421 311.125 771.795 251.819 921.884 405.385 579.935 433.25 764.939 433.158 908.027 325.11 223.887 363.479 216.976 307.596 237.995 377.663 234.445 447.311 960.153 461.272 946.403 422.795 918.47 265.736 981.236 237.975 967.429 241.337 925.443 
345.974 238.004 338.966 325.231 283.193 321.718 293.586 234.425 290.338 143.592 387.967 339.032 433.16 419.307 391.417 300.622 349.56 590.332 300.635 590.397 311.033 771.889 251.824 925.386 401.881 586.86 433.278 768.32 429.928 907.957 321.759 230.749 356.554 227.399 311.185 241.33 377.604 237.865 450.788 960.244 461.256 946.426 419.286 914.924 265.802 981.252 241.315 970.761 241.32 928.911 
345.858 237.953 328.64 325.102 279.764 321.464 286.668 234.38 293.607 147.125 380.952 339.062 429.884 426.207 391.4 304.194 349.374 593.783 297.134 593.892 304.202 775.344 251.853 925.465 401.705 590.322 433.322 768.325 429.921 904.633 321.629 230.825 353.081 227.368 304.145 244.797 377.493 237.879 454.116 960.257 461.304 946.39 415.891 911.425 265.745 981.276 241.287 970.781 241.347 928.965 
342.551 237.872 325.224 325.211 272.73 321.623 276.182 237.912 290.305 150.669 380.996 339.121 429.857 426.383 391.366 311.093 346.149 597.22 293.836 597.301 304.107 778.81 251.847 925.472 398.391 593.814 433.311 768.318 429.877 904.386 321.505 230.733 352.999 223.93 293.886 244.812 377.398 237.901 450.695 956.803 461.255 939.478 415.791 907.949 265.827 981.326 241.358 970.832 241.314 928.953 
342.456 237.752 328.636 328.632 272.718 321.771 265.823 262.27 290.016 168.003 384.489 342.413 429.742 426.208 384.5 300.657 346.142 597.33 293.799 597.402 297.226 778.796 251.824 928.831 398.415 597.254 433.231 765.019 429.833 900.996 318.25 227.42 349.731 220.412 293.679 244.851 377.338 237.817 447.275 953.314 461.25 936.043 412.423 904.611 265.732 981.22 238.003 967.451 241.375 932.379 
342.443 234.428 328.545 325.06 269.329 321.572 262.257 276.221 290.112 178.505 387.919 335.504 429.73 422.752 387.915 297.26 346.128 593.856 293.803 597.235 293.75 771.924 251.799 928.803 398.407 593.738 433.17 764.89 429.692 893.966 318.196 223.833 352.955 216.846 293.558 241.349 374.117 237.688 447.25 949.824 461.174 935.898 408.862 900.953 265.788 981.286 241.296 970.814 241.386 932.314 
339.064 234.241 328.64 325.03 269.231 321.678 258.683 314.579 293.539 195.889 398.382 335.513 429.715 412.396 384.432 293.794 346.16 590.338 293.8 593.757 290.332 775.306 251.852 925.464 401.698 586.832 429.939 764.814 426.331 887.033 318.109 213.472 349.714 210.061 293.531 237.798 377.377 234.273 443.784 946.353 461.087 935.778 405.471 894.029 265.783 981.206 241.267 967.432 244.798 932.324 
342.438 230.845 325.14 317.997 262.32 311.082 258.651 349.38 293.566 216.912 401.787 321.591 429.743 405.554 384.48 290.294 349.41 576.35 297.178 576.436 293.657 764.952 255.308 921.958 401.701 572.952 429.928 761.408 426.308 887.021 318.234 213.342 352.996 209.91 293.617 234.319 377.348 230.756 440.343 942.917 457.839 932.519 405.481 893.988 265.778 984.662 241.283 970.854 244.883 928.897 
342.5 216.926 335.524 321.448 262.312 318.03 262.18 377.61 293.745 269.228 405.467 321.721 429.818 405.347 384.442 286.741 349.583 576.464 297.262 579.845 293.688 764.887 258.674 921.884 401.961 573.032 429.931 761.354 426.357 887.071 321.541 206.279 353.116 206.386 293.721 213.541 377.443 220.397 436.793 942.923 457.758 935.761 408.806 897.434 265.851 981.206 241.323 967.406 248.346 928.863 
345.973 216.936 345.85 321.593 265.73 321.49 265.665 405.307 300.674 290.078 415.852 321.675 429.835 402.006 384.476 283.253 353.034 579.863 304.134 579.891 293.802 764.921 258.686 921.877 405.377 576.429 429.942 757.889 429.603 893.98 321.686 206.563 359.938 206.423 297.227 234.186 377.633 223.905 433.475 946.378 457.713 935.88 408.872 900.97 265.85 981.231 241.345 967.404 248.36 928.854 
346.189 220.415 346.091 325.07 265.827 325.221 272.698 426.347 311.181 304.16 422.834 321.617 433.134 401.767 384.509 286.658 353.166 583.359 307.59 583.404 293.837 764.908 258.699 914.955 408.805 579.915 429.884 761.275 429.617 897.495 325.089 209.821 366.897 206.488 300.675 234.394 381.071 220.46 433.367 946.395 457.626 935.93 408.967 904.411 265.794 977.767 241.276 967.309 251.724 925.44 
349.467 227.427 349.593 332.094 272.792 339.097 286.772 433.483 317.952 321.495 429.727 321.666 433.315 398.462 394.853 290.028 363.485 586.858 314.599 586.889 297.132 764.98 258.745 915.049 412.367 583.385 429.967 764.729 426.187 893.955 328.536 209.999 370.354 209.822 300.748 234.493 387.946 223.939 433.447 946.352 457.678 935.873 405.356 900.872 265.728 977.766 237.971 967.257 251.81 928.809 
349.59 234.201 353.132 342.437 279.716 346.074 290.307 454.177 321.456 335.608 433.313 321.815 433.443 401.822 401.677 290.329 370.404 586.849 318.062 586.861 304.165 765.002 258.806 918.492 419.365 583.438 433.228 764.816 426.257 897.539 328.676 213.488 370.473 210.091 311.088 237.945 391.423 234.219 433.435 946.401 457.669 935.95 405.418 904.401 265.811 977.746 241.273 967.264 255.198 928.918 
349.681 234.433 360.006 342.588 286.677 349.565 293.698 457.775 321.558 345.903 436.877 325.236 440.343 402.001 401.757 293.537 373.932 590.406 321.492 590.362 314.481 764.873 262.12 914.96 429.6 593.77 433.342 764.94 429.703 904.411 332.131 220.394 373.785 213.485 314.571 241.397 398.283 234.394 436.84 946.397 457.797 936.006 408.976 908.063 265.91 981.212 241.419 967.346 255.239 925.423 
353.086 237.72 370.422 346.001 290.158 353.058 293.714 461.096 321.73 345.993 447.219 332.024 454.161 401.971 401.924 293.69 377.37 597.264 321.751 597.213 318.046 768.243 262.068 918.408 429.83 597.297 433.484 768.25 429.747 904.38 339.055 227.369 373.939 216.954 317.984 248.325 401.761 237.798 436.749 946.335 457.742 936.005 412.367 908.068 265.94 981.265 241.439 967.385 251.732 925.417 
356.604 237.801 373.825 346.054 290.337 353.089 293.687 461.122 325.084 345.893 450.698 332.124 457.619 405.212 405.276 297.171 377.544 597.303 325.156 597.22 321.451 764.978 262.121 914.911 433.178 597.386 436.877 768.249 429.745 904.37 342.534 227.362 377.339 220.405 318.068 244.914 401.933 237.85 436.778 946.32 457.738 936.019 412.322 908.025 265.922 977.78 241.372 963.997 251.802 925.368 
363.476 237.769 373.887 345.869 293.589 349.638 290.213 457.757 325.176 342.579 450.763 328.57 457.856 405.242 405.496 297.159 380.886 593.798 328.622 590.39 321.556 764.99 262.134 908.148 433.247 593.874 440.263 768.227 429.794 904.4 345.908 227.314 377.518 216.981 318.277 244.883 405.269 237.688 436.778 946.317 457.775 936.014 412.407 908.096 265.925 977.78 241.4 963.967 248.334 914.995 
366.963 234.391 373.949 342.458 293.699 345.941 276.219 443.825 325.078 332.141 454.169 328.55 461.312 405.279 405.592 293.762 380.993 586.821 332.124 579.96 321.701 764.697 262.215 904.491 433.324 590.285 443.721 764.838 429.743 904.422 346.021 220.407 377.609 213.418 321.632 241.393 405.327 234.343 436.842 949.8 457.776 936.083 412.297 908.119 265.836 970.847 241.357 960.411 255.237 907.993 
370.468 230.864 374.062 335.498 293.714 335.521 265.795 433.239 325.122 318.221 457.544 325.18 464.782 405.326 408.934 293.839 380.92 576.422 332.104 573.037 325.061 764.702 262.058 907.884 433.178 576.494 447.229 764.9 429.726 904.378 346.177 213.398 380.996 209.909 321.687 237.87 405.442 230.832 436.829 946.422 457.801 936.054 408.932 908.048 269.223 974.337 241.42 963.883 244.772 908.12 
373.829 220.413 374.044 328.597 293.868 325.209 262.207 408.918 325.146 304.115 454.251 325.17 468.247 405.305 408.975 293.767 380.902 573.024 332.115 572.963 325.126 764.745 258.712 907.887 433.149 576.377 443.827 764.768 429.705 900.961 349.49 209.926 384.432 206.484 325.07 237.726 405.529 230.74 436.787 949.799 457.782 936.043 408.875 904.595 272.708 977.761 244.835 967.262 237.955 908.136 
373.856 216.901 377.414 325.032 307.672 321.737 248.248 377.634 325.195 276.209 454.125 325.185 468.279 405.329 412.334 293.848 377.652 572.886 332.131 572.826 325.173 761.371 258.712 908.096 429.916 572.94 440.367 764.716 429.7 901.012 349.515 209.813 384.431 206.315 325.202 234.371 405.576 227.293 436.805 949.792 457.794 936.047 408.885 907.923 279.669 981.248 255.22 970.744 237.878 914.985 
370.529 213.386 377.313 318.26 314.541 311.15 241.438 346.12 321.673 255.269 447.215 328.544 468.279 405.494 412.438 297.186 377.461 565.928 328.611 565.926 325.221 761.393 258.837 911.514 429.694 565.94 440.246 761.312 429.59 897.479 349.562 206.282 384.433 202.883 328.606 230.786 408.829 223.849 436.804 949.818 457.741 936.016 405.461 904.335 279.767 981.321 255.32 970.781 241.275 921.923 
370.495 216.957 373.87 318.252 311.148 311.152 258.648 297.135 321.731 210.087 429.908 325.204 468.139 405.488 415.84 293.853 377.367 569.395 328.542 569.417 325.065 764.839 262.24 918.518 426.386 569.388 436.763 757.821 426.277 897.466 349.532 206.553 384.37 206.336 325.139 230.835 405.58 216.892 436.836 946.432 457.727 935.957 405.327 901.034 286.588 988.183 262.106 981.203 248.312 928.809 
360.026 223.896 363.53 318.074 311.175 307.636 286.639 251.78 335.586 154.01 415.907 321.71 461.311 408.809 419.353 297.13 374.082 572.843 325.112 572.899 325.165 764.993 265.614 932.394 426.224 572.81 436.834 754.343 426.18 897.428 345.945 209.942 377.403 206.551 321.542 234.501 405.243 227.33 436.804 946.421 457.672 935.966 405.314 901.022 286.772 991.644 262.289 988.133 255.215 936.035 
353.099 234.177 353.157 318.16 304.149 314.642 304.174 237.839 321.578 143.621 405.495 321.694 461.088 408.917 419.259 293.791 373.892 572.938 321.655 573.0 325.226 768.437 265.686 932.43 419.354 572.911 436.821 757.84 426.232 897.535 342.566 213.405 374.053 210.091 321.522 234.27 401.893 234.173 436.87 949.853 457.769 936.005 405.335 904.357 290.019 991.716 262.313 988.198 255.308 936.005 
349.644 234.302 349.715 318.25 304.184 314.687 318.197 230.923 321.544 122.727 401.991 325.126 457.761 408.966 415.862 297.222 370.378 579.927 318.24 583.352 321.807 771.868 262.353 935.866 408.927 576.453 443.775 761.356 426.292 894.005 345.854 213.504 373.873 213.507 318.076 234.531 401.769 234.446 440.311 949.903 457.821 936.006 405.314 900.868 286.684 991.751 262.184 988.287 251.766 942.901 
349.593 237.677 349.653 325.03 300.605 321.544 314.574 234.31 321.624 126.248 402.039 332.089 457.759 415.814 415.875 300.625 366.908 586.832 318.068 590.344 321.631 775.33 262.204 935.849 405.565 579.93 454.114 764.821 429.65 890.478 342.489 223.828 373.798 223.819 318.204 237.858 401.788 237.749 436.834 949.794 457.723 935.963 405.505 897.473 286.755 991.879 262.257 991.608 241.443 939.48 
349.582 237.93 349.691 328.56 297.131 321.601 311.174 234.159 321.592 140.042 405.346 342.524 457.801 419.374 415.829 300.734 359.982 586.83 314.614 590.325 318.129 778.847 262.333 935.807 405.467 579.953 454.305 768.285 433.149 890.587 339.012 230.75 373.849 227.41 318.179 241.438 401.784 237.882 436.878 949.791 461.082 935.999 419.371 900.93 286.732 991.846 262.173 988.355 251.77 939.413 
349.569 237.976 349.642 332.086 293.774 321.648 300.719 241.35 321.458 150.635 405.314 346.002 457.862 422.754 419.293 304.18 360.037 593.783 314.606 593.88 317.935 785.778 262.272 935.835 408.803 590.368 454.218 764.911 433.463 883.58 339.019 230.807 373.801 227.364 321.514 237.981 401.794 237.857 447.273 946.345 461.406 935.886 426.373 890.504 286.776 991.855 262.203 988.366 248.314 939.439 
349.53 237.924 352.976 325.071 297.211 318.241 293.801 258.718 318.122 167.997 405.551 342.462 461.059 426.216 426.222 311.063 360.045 593.82 314.616 593.869 311.187 789.217 262.255 935.883 408.815 593.784 454.207 765.0 436.845 883.509 339.032 230.735 373.75 227.308 318.261 237.753 401.841 237.805 450.72 942.938 464.788 935.858 429.833 887.074 286.727 991.792 262.197 988.353 248.325 939.512 
349.658 237.721 352.994 321.626 297.265 318.104 283.276 293.77 318.084 181.963 405.558 332.14 461.223 426.349 426.333 314.591 360.054 579.91 314.655 583.33 311.119 782.295 262.289 935.765 405.548 576.478 454.119 764.774 440.29 887.018 339.065 223.851 373.898 220.356 318.124 237.776 401.918 234.486 457.547 949.806 468.288 935.947 433.199 897.415 286.595 991.798 258.786 988.297 251.809 939.398 
352.962 234.452 356.592 318.165 297.231 311.097 276.272 321.625 321.454 206.562 422.807 328.56 461.397 429.628 429.663 317.975 363.503 576.502 314.672 579.879 311.123 775.42 262.333 935.783 408.942 576.376 450.677 761.312 450.659 890.558 342.464 220.388 374.005 213.504 318.123 237.715 405.262 234.228 457.577 949.917 475.199 936.062 433.439 897.542 286.671 991.757 262.122 988.284 255.201 942.826 
353.158 234.278 356.452 318.04 290.217 304.21 283.124 370.382 318.044 237.762 429.739 325.173 464.656 426.387 429.707 318.086 370.346 576.386 318.076 576.42 311.075 775.431 262.394 932.45 412.397 572.983 450.778 761.35 454.213 887.005 345.87 213.478 377.365 210.133 318.126 230.761 405.474 230.817 457.696 953.314 478.664 939.336 436.932 893.985 286.679 991.795 262.172 988.289 255.34 936.03 
363.472 234.388 373.861 321.547 293.683 314.625 286.634 401.733 318.199 290.168 447.244 332.132 464.847 429.675 433.251 321.79 373.894 572.861 321.553 572.901 311.097 768.448 262.342 932.468 422.828 572.821 443.828 754.362 457.65 900.861 346.064 213.405 377.598 210.111 321.758 230.798 408.857 227.329 457.856 956.739 482.16 939.488 447.29 904.447 286.777 991.861 262.25 988.373 251.843 939.416 
370.342 234.434 374.078 325.082 293.743 321.675 286.659 429.788 321.534 314.633 454.215 332.11 482.06 429.946 433.425 321.712 377.314 576.393 321.784 576.366 314.491 768.441 265.621 932.42 429.641 576.378 454.091 761.324 457.822 904.418 349.372 216.894 380.965 210.128 332.02 234.194 415.838 223.92 461.105 956.821 485.546 942.944 454.187 907.944 286.666 991.855 262.146 988.31 258.779 936.019 
373.875 237.694 377.503 332.027 297.282 325.171 290.104 436.872 321.662 335.551 457.855 335.561 485.707 433.171 440.275 325.235 377.548 579.891 325.237 576.487 314.668 768.427 265.682 932.474 429.899 576.481 454.271 764.712 457.868 904.49 349.668 220.384 387.98 213.494 342.476 234.337 426.291 230.877 461.158 956.794 485.602 942.95 454.228 908.07 286.594 991.689 258.808 988.181 262.14 939.36 
374.121 237.884 381.0 342.482 307.695 335.584 286.642 454.285 321.643 349.406 461.266 342.605 489.1 433.389 450.761 328.56 380.952 583.366 332.09 583.335 318.017 768.44 265.727 932.532 433.27 579.906 457.606 761.358 457.853 904.52 353.116 230.723 398.25 220.342 345.895 237.935 429.707 234.269 457.854 956.826 485.478 946.393 454.235 908.096 286.6 991.608 262.093 988.117 262.18 939.498 
377.457 241.476 394.813 345.9 314.689 342.474 289.988 461.1 321.571 353.11 471.659 346.026 492.608 436.842 457.586 338.973 387.873 583.345 339.106 579.875 318.203 768.513 265.773 932.52 436.788 583.332 457.83 764.853 457.892 904.567 360.06 234.248 401.683 230.804 346.157 241.31 433.13 234.44 457.824 956.748 485.479 946.356 454.26 911.414 286.653 991.651 262.151 988.135 262.21 939.413 
380.958 255.204 401.865 346.119 321.608 345.886 290.103 461.328 321.584 363.498 482.041 349.44 499.647 440.217 457.736 339.051 394.938 586.848 345.843 579.915 321.608 768.391 265.846 932.477 447.231 590.316 461.158 768.256 457.739 904.606 370.449 234.498 401.941 234.28 349.56 244.831 433.354 237.757 461.081 956.89 482.176 949.843 450.673 911.403 286.677 991.736 262.194 988.163 262.224 936.011 
384.456 258.677 402.025 346.062 325.048 345.959 293.53 464.638 321.697 370.39 485.485 346.108 509.985 440.332 461.102 345.868 401.793 590.324 346.163 583.393 321.798 768.339 265.946 932.494 454.247 593.754 461.155 764.989 457.743 907.891 373.859 237.79 405.245 234.373 353.065 248.365 436.743 237.864 461.082 956.91 482.17 949.902 450.685 911.518 286.655 991.685 262.165 988.132 262.339 936.074 
394.833 258.85 405.472 346.075 325.226 345.971 293.64 461.406 325.042 370.377 485.739 346.148 513.419 447.28 461.288 345.964 405.249 583.41 349.599 579.854 325.216 764.95 269.369 932.394 457.676 586.878 461.241 764.944 457.781 907.856 374.084 237.937 405.497 237.711 359.944 244.81 440.342 237.889 461.085 956.82 482.193 949.801 450.742 911.506 286.74 991.705 262.256 988.107 265.723 935.956 
398.374 262.124 408.907 345.878 339.025 339.119 293.831 461.404 325.22 373.861 489.138 345.952 513.506 450.705 464.701 346.122 405.383 579.883 349.725 576.38 325.141 764.784 276.297 932.311 457.786 579.947 461.215 764.836 457.816 907.844 377.425 241.259 408.93 237.767 366.895 248.294 450.686 237.863 461.094 956.72 485.467 946.373 454.1 911.533 286.733 991.683 262.285 984.808 269.228 935.92 
401.784 262.22 412.434 345.841 342.598 342.57 297.314 461.417 328.598 377.335 489.276 345.862 513.659 454.294 468.212 349.632 405.518 586.848 353.099 579.897 328.588 764.828 286.647 932.332 461.116 590.308 461.245 764.719 457.832 907.829 377.636 241.294 415.817 237.864 370.406 241.403 454.189 237.797 461.143 953.405 485.524 946.316 454.101 911.528 283.274 991.673 262.211 984.748 283.133 936.004 
401.912 262.305 415.83 342.592 342.533 342.491 297.296 464.734 342.601 381.093 492.693 345.864 517.123 457.8 471.674 359.986 408.792 583.418 356.462 579.842 328.577 764.715 290.175 928.972 461.2 586.904 461.34 764.764 457.831 907.851 380.989 241.363 422.732 237.966 370.491 241.356 457.518 237.795 461.173 956.784 485.52 946.414 454.097 911.553 286.644 988.267 262.335 977.837 290.186 935.926 
402.027 262.408 415.855 342.571 345.902 342.621 304.203 461.418 346.0 401.926 489.311 342.491 520.555 457.851 475.21 377.334 405.575 576.455 356.49 573.018 332.091 764.804 293.544 932.238 461.13 579.868 461.329 757.948 457.846 907.874 384.428 241.419 426.218 241.346 373.763 237.967 457.622 237.713 461.163 956.776 485.514 946.409 454.098 911.588 290.042 984.836 265.695 970.876 293.693 935.916 
405.26 265.713 415.885 342.57 342.574 345.892 311.069 464.806 345.939 433.154 492.673 342.494 527.573 461.244 478.614 401.814 405.558 576.446 356.454 573.001 332.077 761.349 293.764 928.94 461.114 579.852 461.217 750.976 457.86 907.862 387.943 244.837 426.329 244.917 373.907 237.731 457.705 237.791 457.869 956.73 482.221 946.375 454.193 911.587 290.038 981.208 265.714 963.99 297.262 936.002 
405.351 265.897 419.284 342.527 342.57 342.61 314.686 457.699 346.105 461.075 492.673 342.436 530.998 457.882 482.134 433.167 405.408 572.988 352.973 572.851 332.028 761.38 297.167 928.79 457.818 576.35 461.195 754.435 457.878 907.841 391.466 251.823 426.35 255.203 373.95 237.736 457.745 237.815 457.812 953.404 482.178 946.366 454.251 911.565 290.094 970.856 265.776 963.749 304.209 935.897 
405.342 269.185 419.295 342.533 342.577 342.56 318.138 454.111 335.558 496.072 492.705 342.478 531.078 457.535 485.686 468.197 405.366 572.985 352.981 572.914 335.525 757.813 304.181 914.904 457.774 572.987 461.14 757.883 457.88 904.595 391.448 255.244 426.344 255.329 373.915 237.824 457.721 237.886 457.752 953.391 482.139 946.345 457.544 911.536 290.112 963.969 265.864 960.214 314.55 932.314 
405.387 269.284 412.418 342.569 342.453 345.851 318.188 454.204 325.103 537.985 492.616 342.495 524.004 450.734 503.038 513.595 405.477 583.382 353.15 579.916 335.51 754.361 311.046 911.481 457.843 583.42 461.124 761.395 457.853 904.594 394.826 258.681 426.32 258.716 373.869 237.885 457.663 237.879 457.771 953.338 482.127 942.938 454.289 911.48 290.038 963.8 265.832 956.732 314.669 928.884 
405.391 269.376 412.319 342.585 342.438 345.869 318.226 457.772 318.011 565.819 489.226 342.538 517.035 457.685 510.016 548.47 405.426 579.876 353.125 576.39 335.533 750.891 314.489 904.613 457.768 583.361 461.13 757.939 457.878 904.526 391.474 258.787 426.277 258.779 373.76 237.939 457.561 237.789 457.71 949.889 482.082 942.861 457.559 911.426 290.126 960.198 269.257 942.827 317.999 914.99 
405.263 269.384 408.826 345.83 335.62 345.984 318.23 457.792 307.707 573.022 489.056 342.599 513.432 457.794 517.078 569.491 405.269 576.488 349.628 576.419 328.569 754.341 314.553 907.841 457.681 579.852 461.068 761.254 457.87 904.56 387.922 258.812 422.829 258.814 370.445 241.29 454.215 237.879 457.684 949.851 482.075 942.836 457.536 911.456 290.276 956.76 272.703 936.08 318.078 915.037 
401.862 269.342 405.343 342.616 325.223 346.061 318.11 461.191 293.803 590.348 485.601 342.591 509.977 464.736 524.054 576.501 401.911 572.965 349.409 572.911 328.566 750.947 314.699 904.486 457.571 572.994 457.844 757.936 457.802 904.629 380.982 258.754 415.839 258.78 366.915 241.284 450.679 237.884 457.697 953.275 482.075 942.881 457.539 911.593 290.319 953.259 276.191 935.932 318.268 911.544 
401.69 269.3 401.972 345.836 321.753 346.0 314.553 461.165 290.296 576.358 482.22 342.588 499.642 461.288 527.572 576.409 401.736 572.838 346.106 569.462 325.226 747.435 317.904 904.489 454.14 572.948 457.734 754.436 457.81 907.851 377.573 258.772 408.973 258.735 356.583 237.974 440.237 237.935 457.699 949.905 482.052 942.84 457.597 911.595 293.649 946.418 276.258 935.868 321.459 914.924 
391.472 269.321 401.747 345.892 321.51 346.029 297.302 468.212 290.13 569.538 478.68 342.541 496.203 457.76 527.479 569.543 398.306 576.374 345.946 572.961 325.116 744.059 318.037 904.365 450.679 576.423 457.727 757.9 457.804 907.841 374.095 258.831 405.404 258.768 353.058 241.4 433.403 238.017 457.724 949.921 482.072 939.521 457.584 911.575 293.613 946.388 276.26 935.825 321.652 911.476 
384.471 269.332 398.344 345.854 318.077 345.92 290.317 464.724 279.657 572.891 471.69 342.547 499.588 457.699 524.1 569.365 387.987 573.014 342.418 572.911 321.691 747.427 318.081 904.458 440.279 573.056 457.544 754.392 457.792 907.843 373.886 258.792 402.037 258.752 349.503 238.039 433.173 237.876 457.761 949.887 482.106 939.473 457.582 914.92 293.623 946.425 279.682 935.828 321.677 911.589 
377.497 269.311 384.521 345.846 314.607 345.921 286.775 461.165 269.187 569.321 464.655 345.847 499.684 461.083 524.043 565.954 380.976 576.396 332.02 573.038 321.643 747.366 318.136 904.508 433.373 576.43 450.787 750.899 457.773 904.565 366.93 258.757 398.39 258.734 345.895 241.364 429.664 237.894 457.731 949.846 482.058 939.425 457.615 911.513 293.625 946.424 279.692 935.828 321.773 915.025 
373.939 269.291 377.633 342.621 300.669 345.952 279.717 461.287 265.656 569.276 461.169 345.853 496.11 457.742 520.652 562.473 377.482 576.452 321.785 576.385 321.54 754.418 318.165 907.876 433.145 576.445 450.669 761.271 457.743 904.609 353.072 258.715 387.903 258.715 338.997 238.0 422.725 237.854 457.83 953.283 482.107 939.468 454.286 911.529 290.303 949.882 279.677 935.885 325.035 921.934 