Frames: 151
Scale_Factor: 150
head upper_chest right_upper_arm right_lower_arm right_hand left_upper_arm left_lower_arm left_hand hips right_upper_leg right_lower_leg right_ankle left_upper_leg left_lower_leg left_ankle right_eye left_eye right_ear left_ear left_toes left_toes2 left_heel right_toes right_toes2 right_heel
297.247 189.069 314.565 325.079 230.918 328.633 206.454 457.882 178.645 572.916 394.914 321.658 422.805 454.259 429.676 569.431 318.023 593.768 262.174 593.75 262.258 768.358 262.263 932.421 373.934 593.765 401.948 764.729 429.953 925.385 286.638 182.025 321.461 182.012 262.342 210.104 346.131 216.878 440.343 970.873 461.378 963.734 426.286 935.869 237.792 981.209 223.908 963.902 269.188 942.916 
304.128 195.887 317.929 325.149 234.279 328.677 206.414 457.838 178.309 572.796 398.331 321.725 426.227 454.233 429.893 569.226 318.102 593.749 262.256 590.408 262.312 768.497 262.26 932.415 373.982 590.409 401.957 764.763 429.932 925.391 290.119 182.072 321.665 182.04 265.803 213.415 349.533 213.515 443.77 974.246 461.396 963.752 426.241 935.908 237.779 981.203 223.888 963.896 269.184 942.918 
314.528 195.939 318.061 325.166 234.372 332.05 206.257 457.74 154.277 572.762 401.738 321.74 426.386 454.21 433.182 565.992 318.149 590.301 262.329 586.846 262.303 768.443 262.275 932.397 374.028 590.309 402.029 764.787 429.899 925.467 293.556 182.089 328.538 182.087 269.315 213.418 349.728 213.527 447.218 974.275 464.642 963.758 422.873 935.96 237.739 981.232 223.825 963.901 269.194 942.893 
318.052 195.942 318.223 325.194 237.758 328.563 199.446 457.672 143.64 552.045 401.877 321.809 429.706 450.683 433.361 569.317 318.283 590.35 265.618 586.864 262.375 768.35 262.27 932.43 374.11 590.375 405.29 764.913 429.888 928.905 293.796 182.118 339.009 182.166 272.815 213.502 356.467 216.983 447.266 974.325 461.414 963.788 422.823 936.065 237.758 981.212 223.853 963.887 265.96 942.946 
321.566 195.902 321.648 325.165 238.001 325.18 182.136 447.273 119.202 541.384 405.373 325.05 429.94 454.132 436.756 569.379 321.578 590.345 265.711 586.91 262.402 768.421 262.255 932.423 377.434 590.332 405.334 764.808 429.821 928.833 300.66 182.108 345.875 182.069 286.57 213.447 367.002 213.473 447.291 974.315 461.385 963.771 419.361 936.03 237.789 981.205 223.853 963.898 265.925 942.927 
325.191 195.909 325.17 325.204 241.46 325.171 178.424 433.256 94.772 517.057 408.842 325.149 433.322 454.189 440.31 569.468 321.72 583.429 265.849 583.334 265.676 768.269 262.244 932.412 377.55 586.851 405.36 761.439 429.824 928.928 314.593 182.101 346.201 182.172 290.155 213.461 373.836 220.364 450.749 974.346 464.654 963.791 419.363 939.349 237.775 981.212 223.831 963.899 265.901 942.938 
338.968 199.379 335.601 325.149 251.779 325.038 157.6 415.811 59.789 485.802 415.904 328.545 436.727 454.299 447.223 569.547 325.095 586.847 269.306 583.374 265.727 768.392 262.268 932.386 380.907 586.92 405.4 764.796 429.868 928.961 318.199 182.163 352.959 185.431 293.834 213.521 377.451 220.421 450.674 974.322 464.66 963.786 422.791 939.368 237.784 981.218 223.835 963.897 265.915 942.904 
346.005 199.382 345.879 325.124 258.808 321.638 150.631 398.313 38.788 440.265 426.339 332.033 440.268 457.765 454.121 572.91 328.618 590.314 272.769 586.87 265.818 768.388 262.249 932.368 387.964 593.745 405.487 764.815 429.873 932.229 321.733 185.43 363.55 185.494 300.659 220.331 380.918 223.934 447.281 974.302 461.412 963.788 422.778 939.409 237.816 981.195 223.853 963.88 265.897 942.911 
349.518 199.397 346.082 325.031 262.366 318.253 146.998 373.763 0.0 0.0 429.748 335.548 447.304 457.805 457.635 572.903 335.568 586.809 283.173 583.356 265.862 768.252 262.305 932.346 394.84 586.889 408.867 764.804 429.88 928.962 328.609 185.479 373.765 185.458 311.069 220.435 391.39 220.448 447.274 974.28 461.393 963.778 422.745 939.388 237.777 981.266 223.813 963.922 269.193 942.879 
353.114 199.373 349.539 321.61 269.192 317.966 136.661 335.602 0.0 0.0 429.908 332.106 454.299 461.146 461.171 572.92 345.909 590.389 290.045 586.867 269.34 764.889 262.289 932.355 401.864 593.843 412.302 768.237 429.881 928.839 342.419 185.453 374.1 185.439 317.955 216.957 398.378 223.866 450.675 974.3 464.668 963.761 419.367 935.999 237.801 981.257 220.446 963.916 265.908 942.895 
363.508 199.416 349.726 321.555 269.228 314.55 143.548 307.628 0.0 0.0 433.376 332.108 457.664 457.597 464.673 572.855 345.995 590.29 290.122 583.391 279.652 764.703 262.302 932.329 401.931 593.751 419.368 764.962 429.91 928.802 346.019 182.195 377.596 185.488 321.466 213.526 402.004 223.806 450.667 974.264 464.664 963.742 422.752 935.935 237.816 981.299 220.435 963.942 265.949 942.866 
370.54 199.418 356.604 321.636 272.794 314.551 146.972 276.28 35.321 227.357 436.836 335.6 461.059 457.859 468.188 573.092 349.523 593.793 293.612 586.882 283.186 764.731 262.324 932.268 405.408 597.242 422.815 768.248 429.96 928.867 349.493 185.422 384.489 185.533 325.034 216.91 405.359 227.299 447.308 974.251 464.645 963.77 422.843 935.984 237.861 981.225 223.831 963.894 269.216 939.494 
373.954 195.996 370.353 321.532 286.619 307.702 154.092 248.32 45.887 171.533 440.284 335.586 461.224 461.18 475.206 572.889 352.949 590.352 297.123 583.388 286.687 761.442 262.326 932.296 405.58 593.809 426.273 768.232 429.943 928.786 349.687 185.423 391.431 185.503 328.532 216.947 405.492 227.311 450.696 974.248 464.669 963.744 422.79 935.897 237.952 977.834 223.895 963.869 269.228 942.83 
377.307 199.366 373.819 321.523 290.179 307.62 161.078 227.37 73.913 119.192 447.264 338.974 461.418 461.254 482.104 573.001 356.492 583.345 300.654 576.459 290.132 761.359 262.349 932.255 412.407 586.845 429.629 768.226 429.974 928.876 353.09 185.447 398.287 185.536 328.657 216.985 408.83 227.315 450.73 974.292 464.71 963.792 422.814 935.976 238.006 977.771 227.295 963.818 269.225 939.478 
377.415 199.367 374.054 321.453 293.715 304.1 181.875 213.348 122.674 70.323 454.19 339.009 464.773 457.872 485.538 573.085 360.027 586.807 304.199 576.504 290.222 761.372 262.442 932.231 422.741 590.347 429.742 764.965 433.136 928.815 356.488 185.445 398.417 185.467 332.102 220.342 412.325 223.834 450.694 974.273 464.722 963.782 422.816 935.925 237.942 977.762 223.917 963.777 269.333 939.488 
377.449 199.356 374.122 318.236 293.844 300.755 202.967 202.892 181.848 45.925 454.236 335.528 468.245 457.831 489.038 573.03 366.922 583.36 311.094 576.434 290.219 761.316 265.602 928.976 426.22 590.293 429.782 768.286 433.145 928.797 356.52 185.415 398.468 185.421 335.567 216.984 412.444 216.993 450.705 974.302 464.729 963.797 422.856 935.896 237.942 977.779 223.913 963.804 272.682 939.495 
377.485 195.941 377.342 318.192 297.197 300.699 210.038 189.038 234.404 38.937 457.546 335.553 475.22 461.35 489.217 576.409 367.038 583.387 311.176 576.492 290.283 764.873 265.725 932.276 426.346 586.909 429.872 764.894 433.129 925.375 356.551 182.195 398.457 182.138 335.582 220.35 415.89 216.861 450.668 974.269 464.719 963.778 422.778 935.821 238.016 977.738 227.4 963.758 272.819 939.525 
377.493 195.975 377.543 318.238 304.12 304.153 227.358 182.107 283.206 66.759 457.668 332.075 478.734 461.251 489.31 576.494 370.518 579.954 314.664 576.416 293.549 764.85 265.81 928.946 429.677 586.85 429.957 764.868 433.143 925.484 356.55 182.214 401.681 182.143 338.996 220.341 415.89 213.528 450.707 974.298 464.764 963.808 422.781 935.902 241.338 977.716 230.759 963.743 276.262 939.428 
377.4 199.354 377.594 321.452 307.67 307.656 234.434 178.644 318.205 87.686 457.686 328.681 482.074 457.862 492.619 573.002 373.795 579.882 314.67 576.346 293.644 764.812 269.226 932.243 429.752 583.417 433.153 764.963 433.154 928.786 353.14 185.421 398.424 182.174 335.533 223.813 415.837 213.546 450.677 974.269 464.737 963.803 422.811 935.912 238.017 977.785 230.804 963.759 283.187 939.495 
377.29 199.369 377.62 318.258 311.07 307.62 244.865 171.584 349.66 98.402 457.684 328.625 482.173 457.844 492.74 576.388 373.84 579.865 317.926 573.036 293.697 764.988 269.27 928.966 429.798 586.807 433.184 764.995 433.168 928.847 353.059 185.48 394.968 185.418 332.152 223.915 412.391 216.986 450.666 974.278 464.727 963.814 422.856 935.973 248.296 977.733 234.294 963.789 283.214 939.466 
374.042 199.51 377.639 318.127 311.151 300.681 258.666 171.492 373.802 122.806 457.654 325.233 485.466 457.786 496.075 576.394 373.901 579.88 318.037 573.041 293.824 764.95 269.364 932.262 429.792 586.831 433.179 764.904 433.177 928.835 349.718 185.629 394.834 185.5 332.081 230.734 408.956 220.434 447.252 974.233 464.702 963.804 422.86 935.95 255.239 981.204 234.451 963.909 283.234 939.431 
373.963 202.864 380.89 318.098 314.573 300.671 262.062 168.085 377.41 129.591 457.638 325.158 485.523 457.727 496.081 573.014 373.897 576.462 318.014 572.974 293.885 764.855 272.767 932.226 429.793 583.374 433.154 764.819 433.174 928.856 349.587 188.949 391.415 185.502 328.599 227.39 408.838 220.436 447.299 974.248 464.725 963.802 422.866 935.97 262.129 981.213 237.851 963.937 286.58 939.426 
370.513 202.911 377.624 318.104 311.117 300.691 258.729 171.569 373.944 129.661 457.615 325.158 485.559 457.729 496.074 572.967 373.941 576.474 318.054 572.993 297.211 764.866 276.215 932.269 429.821 583.374 433.176 764.872 433.177 928.886 349.411 189.026 384.381 185.506 328.536 230.798 405.561 220.46 447.268 974.249 464.717 963.816 426.178 936.008 262.229 981.238 237.945 963.947 286.635 939.415 
367.004 202.874 377.528 318.11 304.196 304.156 241.475 174.997 352.997 126.077 457.576 325.116 485.53 457.696 496.105 572.905 373.932 576.373 318.027 572.911 297.25 764.889 276.234 932.347 429.839 579.896 433.189 764.86 433.189 928.898 346.05 189.013 380.959 185.472 325.137 230.908 405.516 223.815 447.242 974.234 464.71 963.818 426.198 936.022 262.202 981.257 237.925 963.962 286.623 942.858 
363.423 202.891 377.369 321.529 300.68 314.628 234.366 178.582 325.133 115.62 454.233 325.189 485.458 457.611 492.78 572.785 373.881 576.48 318.004 573.043 297.307 768.247 279.652 932.391 429.81 579.942 433.204 765.0 433.192 928.833 345.965 189.012 377.531 185.469 321.768 230.745 405.402 220.39 447.187 970.889 464.711 963.803 426.192 935.993 258.778 984.75 237.807 967.329 286.713 942.917 
356.577 202.965 374.054 318.272 297.132 314.518 227.401 181.985 311.069 94.817 450.745 325.143 482.18 457.551 492.697 569.383 373.911 576.474 318.041 573.045 297.304 768.276 276.302 932.39 429.844 579.932 433.283 768.254 433.2 928.947 345.833 192.427 377.43 185.543 321.595 230.808 405.26 220.456 447.272 974.244 464.73 963.832 422.872 936.079 258.692 984.734 237.751 967.312 286.736 942.925 
353.119 202.895 373.866 321.465 293.68 314.647 210.038 195.926 265.886 94.665 443.807 325.049 482.034 454.188 489.353 569.403 373.864 576.458 317.987 576.345 297.203 764.884 279.675 932.325 429.818 579.878 433.277 768.229 433.212 928.824 342.475 189.069 374.099 185.541 318.189 230.749 401.84 220.429 447.191 970.871 464.725 963.792 426.199 935.98 258.682 984.692 237.762 967.266 286.763 942.887 
352.953 202.828 370.485 318.194 290.255 314.545 202.969 202.857 234.427 84.28 443.709 321.734 475.233 450.797 489.261 565.829 373.769 576.472 314.646 573.054 297.224 764.992 279.703 932.383 429.756 579.901 433.241 768.328 433.213 928.822 335.574 189.004 373.942 185.5 318.023 227.416 398.409 220.445 447.187 970.893 464.7 963.806 426.196 935.936 258.66 984.684 237.752 967.26 290.022 942.934 
349.56 202.884 370.376 318.216 290.148 317.939 185.548 209.887 188.998 94.628 440.251 321.658 475.156 454.1 489.123 562.394 370.527 579.857 314.674 576.376 297.214 764.934 279.664 932.376 429.712 583.364 433.225 764.998 433.193 928.81 328.628 189.065 373.781 185.557 314.699 227.39 398.253 223.817 447.209 970.864 464.703 963.775 422.856 935.935 258.724 984.653 237.78 964.003 286.764 942.896 
349.478 206.291 370.357 321.508 290.194 318.191 178.382 213.524 154.007 98.255 436.892 321.652 468.274 443.822 485.735 562.355 370.406 576.432 314.602 573.04 297.112 764.96 279.697 932.391 426.372 579.887 433.161 764.817 433.182 928.797 325.246 192.527 370.478 189.0 314.551 227.321 391.427 220.413 447.275 970.884 464.711 963.782 422.843 935.921 258.759 984.635 237.824 963.996 290.017 942.928 
349.426 206.248 367.004 321.51 290.123 318.208 174.937 230.869 119.028 119.14 436.832 321.621 471.647 443.783 485.579 555.447 370.458 576.365 314.645 573.001 293.824 764.997 276.286 932.41 429.654 576.474 433.156 764.926 433.202 928.86 325.158 192.527 370.419 188.945 314.503 227.368 387.967 223.815 447.241 970.886 464.704 963.796 422.874 935.965 258.741 981.327 237.79 963.99 286.759 942.924 
349.427 206.247 367.007 321.563 290.095 321.482 161.117 234.398 94.587 150.421 436.811 321.636 471.634 440.293 482.157 548.607 370.366 576.493 314.54 576.377 293.807 764.951 276.294 932.392 426.32 579.947 433.186 768.245 433.188 928.903 325.142 192.514 370.414 188.93 311.144 227.398 387.966 220.428 450.685 974.271 464.718 963.818 422.844 935.979 258.718 984.68 237.769 967.252 290.006 942.918 
349.498 206.243 366.995 321.555 290.05 318.213 154.179 237.749 66.821 154.192 436.82 321.703 468.286 443.776 482.055 548.576 370.343 579.87 314.546 576.423 293.804 764.908 276.269 932.364 426.276 583.357 429.929 764.797 433.169 928.838 325.23 192.47 370.501 188.955 314.496 227.312 391.383 220.44 450.695 974.278 464.696 963.821 422.825 935.945 258.743 984.67 237.774 967.251 286.744 942.879 
349.58 202.905 366.945 321.501 286.724 318.165 168.029 244.82 59.838 178.615 436.84 321.717 468.236 443.711 478.65 548.42 366.951 579.949 311.157 576.486 293.77 764.97 276.191 932.337 422.829 583.43 429.943 764.975 433.16 928.859 328.64 189.016 373.789 185.551 314.587 227.289 394.9 220.376 450.713 974.283 464.712 963.814 422.803 935.952 258.775 984.641 237.783 964.013 286.679 939.513 
352.983 199.46 370.345 321.481 286.753 318.06 164.61 244.762 45.966 182.098 440.291 321.779 468.233 447.274 475.213 548.453 363.554 583.43 311.094 579.892 293.707 768.244 276.219 932.333 422.806 590.319 429.918 768.295 433.142 928.828 335.573 185.603 373.97 185.454 317.954 223.894 398.347 220.418 450.74 974.301 464.713 963.812 422.809 935.944 258.794 981.302 237.808 963.991 286.735 939.515 
356.577 202.834 367.034 321.462 286.757 318.003 167.981 241.474 45.955 182.024 436.919 321.774 468.163 447.216 471.675 548.47 363.418 583.433 307.679 579.905 293.694 764.976 276.265 932.362 415.918 586.916 429.872 768.264 433.149 928.829 342.569 185.544 377.387 185.526 318.155 216.997 401.766 220.39 450.711 974.29 464.703 963.807 422.833 935.931 258.703 984.672 237.757 967.274 286.767 942.873 
366.881 202.809 370.366 321.466 286.764 314.647 164.534 237.812 49.433 175.072 440.251 325.072 468.213 450.742 468.252 551.913 359.997 590.298 307.6 583.392 293.643 768.392 276.258 932.363 415.823 590.376 429.886 768.35 433.142 928.888 346.088 185.465 380.879 185.536 321.573 216.92 405.216 220.446 450.731 974.329 464.702 963.822 422.821 935.952 258.72 981.328 237.781 963.999 286.764 942.842 
373.763 195.969 370.53 321.456 290.155 314.587 171.51 234.314 66.613 154.147 443.718 325.127 464.799 450.688 468.224 555.435 360.01 586.907 307.629 579.946 293.67 764.98 276.262 932.342 415.788 590.403 429.774 768.276 433.139 928.9 349.545 182.169 387.906 185.494 325.082 216.904 405.388 223.937 450.752 974.319 464.713 963.801 422.84 935.97 258.765 981.327 237.796 964.005 290.013 939.516 
373.917 196.014 373.789 321.447 290.187 311.162 175.019 227.321 73.769 140.175 443.812 325.226 464.788 450.81 464.826 559.004 359.964 583.414 307.609 576.496 293.628 764.912 276.225 932.365 412.397 590.295 429.75 768.375 433.146 928.929 349.703 182.178 394.85 185.521 328.56 216.866 405.544 227.306 450.72 974.316 464.709 963.81 422.866 935.975 258.805 981.28 237.819 963.981 286.769 942.845 
374.043 195.928 373.912 321.492 293.645 311.123 178.469 209.992 94.781 119.068 450.673 328.656 464.79 457.65 464.719 565.91 356.533 583.388 300.733 576.465 293.568 765.005 279.653 932.374 412.384 586.922 429.739 768.31 433.158 928.853 353.089 182.094 398.324 185.434 332.077 213.378 408.851 223.906 450.715 974.29 464.714 963.791 422.86 935.92 258.735 984.636 237.794 964.01 290.06 942.863 
377.343 192.526 373.865 321.448 293.583 304.21 181.944 199.424 122.645 94.685 447.283 332.048 464.716 457.64 464.716 569.359 356.486 583.431 300.664 576.478 293.565 764.946 279.685 932.363 412.338 590.319 429.73 765.003 433.165 928.848 356.554 182.057 401.707 182.198 335.564 213.345 412.333 223.823 450.73 974.294 464.742 963.793 422.876 935.93 258.705 984.637 237.78 964.009 290.075 942.863 
377.374 192.437 373.87 318.185 293.655 300.712 192.43 185.595 150.702 63.267 447.216 328.635 464.694 457.764 464.756 569.474 356.452 579.894 300.637 576.348 293.57 764.844 283.13 932.362 409.01 583.416 429.684 764.979 433.17 928.86 359.942 181.995 401.733 182.139 335.563 210.017 412.38 220.445 450.7 974.285 464.732 963.793 426.192 935.941 258.667 984.704 237.794 967.277 290.127 942.911 
374.117 189.052 373.885 318.22 293.67 300.7 206.258 181.881 192.432 42.292 443.812 332.021 461.363 461.073 464.753 572.812 353.101 583.367 297.316 576.426 293.561 764.936 283.117 932.354 408.889 586.912 429.686 768.313 433.166 928.889 356.493 181.942 398.446 182.123 332.114 209.963 408.955 223.924 450.711 974.285 464.719 963.796 426.189 935.975 255.335 984.641 237.799 963.991 290.131 942.893 
373.934 188.995 373.817 318.186 293.633 300.618 209.99 174.919 237.729 39.04 440.297 328.658 461.288 457.877 464.83 572.969 353.032 576.476 297.23 572.958 293.522 764.909 283.2 932.383 408.803 583.378 426.338 768.248 433.136 928.868 352.972 181.923 398.277 182.127 328.532 210.012 408.81 227.273 450.721 974.33 464.718 963.805 426.175 935.957 255.3 984.671 237.81 967.241 290.173 942.946 
370.531 188.983 370.439 318.149 290.282 297.256 220.395 171.457 286.741 49.365 436.883 328.546 461.306 457.865 464.854 572.962 352.981 579.85 297.133 573.009 290.315 768.298 283.188 932.382 408.817 583.384 426.283 768.322 429.95 928.862 349.608 181.93 391.393 182.167 325.11 210.052 405.43 227.276 450.723 974.36 464.678 963.809 422.812 935.949 255.331 984.65 237.828 963.988 290.175 942.902 
363.535 185.617 363.49 318.035 290.108 297.232 230.784 164.568 314.488 70.47 433.462 325.132 461.248 457.868 468.242 573.049 352.988 576.473 297.116 572.952 290.309 764.933 283.14 932.446 408.834 583.361 426.283 764.986 429.952 928.83 346.073 181.948 380.965 182.109 321.621 213.484 405.292 223.861 450.704 974.334 464.677 963.802 422.814 935.935 258.659 984.655 237.8 967.242 290.153 946.371 
353.097 188.956 359.993 318.029 286.76 300.645 237.764 157.661 342.598 91.261 433.389 325.068 461.178 457.836 471.641 576.334 352.95 576.483 293.881 572.98 290.302 764.786 283.114 932.395 405.546 583.366 426.259 764.979 429.955 928.817 342.476 181.985 377.322 182.049 318.144 213.454 401.844 220.33 450.711 974.328 464.685 963.796 422.823 935.911 258.665 981.314 237.799 963.986 290.147 946.328 
349.534 189.005 353.16 317.944 286.621 297.257 244.765 154.197 363.458 112.161 433.269 321.789 461.165 457.732 471.654 576.362 349.681 576.491 293.825 573.019 290.246 764.855 276.278 932.472 405.495 583.343 426.19 764.904 429.96 928.846 332.032 182.044 373.85 182.06 314.601 216.931 394.938 223.824 450.685 974.335 464.691 963.806 422.846 935.971 255.275 984.647 237.708 967.265 290.069 946.4 
346.057 192.464 353.162 314.697 286.586 297.225 251.798 157.51 373.851 122.791 433.202 321.739 461.098 457.597 471.703 576.36 349.667 576.345 293.805 572.872 290.222 764.899 276.193 932.437 405.475 576.486 426.165 764.898 429.971 928.932 321.758 182.198 366.939 182.107 304.228 220.399 387.998 216.902 450.774 974.361 464.718 963.818 422.843 936.039 255.343 981.283 237.733 963.982 290.036 942.968 
342.567 192.499 353.069 314.682 283.136 297.261 248.38 157.512 377.311 126.216 429.941 321.665 461.054 454.109 471.728 572.992 349.592 576.441 293.679 572.971 290.158 764.954 272.809 932.494 405.463 579.956 422.744 764.971 429.977 928.951 321.521 185.454 356.484 182.047 304.132 227.286 381.069 216.898 450.71 974.337 464.682 963.81 422.852 936.02 255.294 981.302 234.49 964.002 290.01 946.351 
335.6 192.522 353.038 314.677 279.722 297.311 244.835 157.668 370.414 126.091 429.908 321.636 461.047 454.164 471.719 572.848 349.554 576.483 293.642 573.019 290.165 764.973 276.19 932.499 405.42 583.361 422.754 764.995 429.956 928.972 318.14 185.443 349.686 182.047 297.282 223.888 380.888 213.527 450.69 974.324 464.655 963.794 422.813 936.049 251.848 984.639 234.462 967.251 290.037 946.413 
328.62 195.886 352.998 314.697 283.145 300.685 237.995 164.523 356.543 122.553 429.856 321.593 457.897 450.75 468.241 572.765 349.55 576.397 293.668 572.927 290.17 764.897 272.788 932.484 405.372 579.902 419.376 764.899 429.963 928.982 317.993 185.498 349.468 182.079 297.163 230.733 377.592 213.412 450.709 974.312 464.652 963.789 422.823 936.079 255.272 981.272 234.481 963.979 286.756 946.368 
325.154 195.946 349.729 314.667 276.209 300.702 234.255 164.601 346.015 101.865 429.852 321.519 457.876 447.249 468.208 569.486 349.516 576.354 293.637 572.913 290.128 768.309 272.807 935.782 405.323 576.472 419.349 764.943 429.952 928.963 314.555 185.536 346.146 182.043 297.112 230.775 377.514 213.425 447.296 974.316 461.399 963.794 422.829 936.044 255.256 981.29 234.494 964.006 290.008 949.849 
325.187 199.355 352.978 317.991 279.713 311.145 223.841 171.561 314.643 98.099 429.849 321.492 457.897 450.705 468.185 569.234 349.494 576.488 293.665 576.378 290.149 765.003 276.263 932.394 405.273 579.896 419.311 764.937 429.977 928.873 314.571 185.576 346.136 182.063 297.127 230.8 377.454 213.467 447.283 977.716 464.66 963.84 426.189 935.982 255.216 984.688 234.465 967.287 290.121 942.892 
325.191 199.391 353.06 317.971 283.144 311.143 213.374 178.341 293.571 80.824 433.161 321.463 461.094 443.786 464.776 565.91 349.507 579.855 293.648 576.391 290.122 768.327 276.244 932.402 405.308 579.909 419.31 768.234 429.972 928.927 314.55 188.916 346.123 182.058 297.105 230.782 377.464 213.386 447.294 974.359 464.664 963.833 426.184 936.009 255.232 984.688 234.47 967.286 290.09 942.879 
328.581 199.439 353.14 318.002 286.623 314.522 206.576 181.899 262.364 73.8 433.215 321.467 461.238 447.275 464.74 562.46 349.518 576.45 293.665 573.026 290.169 764.971 276.291 932.43 405.314 579.863 419.382 768.258 429.97 928.923 317.924 188.944 349.38 182.09 297.117 227.407 377.508 213.369 447.236 974.339 461.41 963.822 426.203 936.007 255.211 984.704 234.467 967.292 290.108 942.949 
332.034 199.454 356.506 317.919 286.612 307.702 206.247 185.489 234.243 77.287 433.28 321.448 461.286 436.912 464.694 558.928 349.533 579.871 293.682 576.361 290.204 764.945 276.282 932.426 405.337 579.937 419.313 768.28 429.964 928.97 317.997 188.981 349.497 182.068 297.167 230.731 377.582 210.113 447.264 974.361 464.653 963.84 426.179 936.065 255.251 984.676 234.491 967.26 290.088 942.937 
339.054 199.495 363.474 317.926 286.739 311.054 199.374 195.97 206.297 70.43 433.461 321.479 461.432 440.335 461.417 552.053 349.598 576.425 293.722 572.966 290.207 764.986 276.258 932.408 405.412 579.838 419.362 764.997 429.951 928.956 318.142 188.962 352.98 182.091 297.276 230.76 380.914 213.387 450.673 977.75 464.667 963.853 422.85 936.062 255.257 984.686 234.474 967.271 290.075 942.908 
345.889 199.426 370.367 318.046 290.168 314.506 195.885 202.847 174.932 87.707 440.244 321.553 464.735 440.292 464.649 548.554 349.616 576.353 293.765 572.892 290.172 764.973 276.258 932.423 405.42 576.444 422.842 768.238 429.96 928.93 321.565 185.612 359.951 182.119 304.179 227.342 384.432 210.099 450.695 977.735 464.685 963.846 422.85 936.046 255.243 984.691 234.464 967.283 290.098 942.936 
346.17 199.376 373.772 318.04 293.58 311.116 182.112 202.874 143.565 94.638 443.836 321.605 468.296 443.791 464.783 548.456 349.61 572.928 293.783 569.462 290.209 764.724 276.242 932.433 405.414 576.38 422.828 764.802 429.962 928.904 325.026 188.935 367.01 182.067 314.599 227.41 391.447 213.377 450.692 977.756 464.693 963.862 422.865 936.038 255.269 984.675 234.471 967.271 290.089 942.97 
349.641 195.947 373.916 318.069 293.672 311.095 182.046 209.844 122.636 105.237 450.733 321.672 478.633 443.835 468.252 548.417 352.988 573.029 297.152 572.807 290.295 761.429 276.264 932.4 408.809 576.488 426.264 764.872 433.146 928.913 328.638 185.582 373.784 181.991 318.007 227.401 398.452 210.047 450.747 977.73 464.706 963.851 426.199 936.01 255.272 984.63 234.489 963.996 290.088 942.946 
356.512 195.983 374.106 318.028 293.778 307.627 185.517 216.886 105.204 129.647 454.278 321.714 482.166 447.273 475.184 548.51 353.064 576.405 297.272 572.896 290.297 764.879 276.294 932.329 408.843 579.892 426.313 768.27 433.178 928.928 342.547 185.529 377.3 182.036 321.551 220.43 405.222 210.072 450.705 977.736 464.733 963.87 426.256 936.033 255.339 981.277 237.746 963.952 290.091 939.515 
370.338 195.93 377.397 318.05 297.189 307.59 185.617 223.894 94.593 143.55 457.604 321.758 482.21 447.272 478.673 551.981 356.466 579.838 300.7 572.994 290.326 764.962 279.702 932.406 408.99 583.365 429.606 768.306 433.188 928.943 346.133 185.425 380.989 182.037 325.126 220.392 405.539 213.386 447.287 974.35 464.689 963.87 426.271 936.034 255.315 981.237 237.755 963.933 290.119 946.34 
373.952 192.522 377.593 318.039 297.266 304.1 185.488 227.393 84.248 150.434 457.801 321.797 485.495 450.706 482.104 552.06 356.514 576.472 304.115 572.937 293.558 764.899 279.708 932.394 412.32 583.373 429.686 764.979 433.166 928.843 349.629 182.191 391.45 182.061 328.655 220.386 408.959 213.483 450.68 977.716 464.705 963.86 426.226 935.964 255.307 981.238 237.755 963.921 290.096 946.351 
377.452 192.422 380.871 318.06 300.739 300.755 188.977 230.8 77.227 150.627 457.83 325.058 485.608 450.669 485.49 555.494 363.437 576.484 307.663 572.956 293.582 764.944 283.141 932.374 419.323 583.39 429.77 764.897 433.171 928.848 356.472 182.126 398.439 182.006 339.017 216.912 419.309 210.1 450.697 977.716 464.743 963.861 426.215 935.97 255.317 981.258 237.788 963.92 290.135 946.32 
380.917 192.455 380.88 318.044 300.648 300.662 188.989 230.758 73.926 150.6 457.876 325.097 485.645 450.695 485.747 555.513 363.532 576.49 311.047 572.934 293.581 765.0 283.163 932.274 422.774 586.825 429.765 764.956 433.151 928.874 363.521 182.139 401.877 182.063 342.572 216.873 426.207 213.524 450.687 977.71 464.719 963.855 426.188 935.992 258.693 981.196 237.832 963.873 290.151 939.477 
384.372 192.511 380.908 318.053 300.727 300.682 189.058 227.28 84.237 147.132 457.87 325.114 485.663 450.749 489.122 562.375 366.94 573.054 311.095 572.815 293.554 764.873 283.203 928.953 426.184 579.929 429.77 764.777 433.139 925.474 370.404 182.104 402.036 182.104 345.91 213.463 426.359 216.848 450.71 974.353 464.732 963.832 422.842 935.91 258.71 977.822 237.842 963.845 290.186 939.385 
387.878 192.463 380.918 318.063 304.133 300.642 192.519 216.902 94.829 140.1 461.065 325.136 485.678 454.233 489.217 565.983 363.553 573.022 311.07 572.801 293.563 764.848 283.217 928.949 422.787 576.499 429.782 764.741 433.142 925.434 373.797 182.013 405.356 182.128 345.981 210.099 429.678 216.972 447.314 974.316 464.702 963.821 422.845 935.882 258.705 977.8 237.851 963.83 290.183 939.397 
387.899 192.401 380.869 318.068 304.105 297.273 192.514 209.895 98.388 126.023 457.815 325.22 485.637 454.188 489.303 569.333 366.956 576.35 311.102 572.843 293.586 764.888 283.244 932.278 426.204 579.917 429.768 764.848 433.133 925.458 373.8 182.0 405.364 182.131 345.975 213.372 429.67 220.394 447.312 974.343 464.7 963.831 422.826 935.908 255.312 981.256 237.817 963.892 290.191 939.495 
384.451 188.978 377.596 318.031 300.681 297.266 202.824 206.377 122.711 101.769 457.676 325.166 485.536 457.561 489.317 569.368 363.458 573.033 307.639 572.809 293.561 764.906 283.244 932.307 422.771 579.847 429.739 764.88 433.146 925.442 370.476 181.97 405.275 182.107 345.893 213.371 426.309 220.4 447.291 974.316 464.692 963.817 422.868 935.887 255.278 981.331 237.791 963.94 290.194 942.832 
381.021 192.419 377.414 318.02 297.175 297.232 199.399 192.506 143.586 73.74 457.604 325.194 485.434 457.616 489.274 569.505 363.434 576.467 307.584 572.966 293.57 768.323 283.229 932.376 422.774 583.348 429.763 764.981 433.153 925.472 370.353 182.036 402.009 182.137 342.524 213.368 426.191 220.422 447.307 974.289 464.706 963.801 422.869 935.898 255.283 981.306 237.794 963.933 290.187 942.935 
377.569 192.429 377.331 318.138 297.118 300.751 206.264 182.079 178.435 49.329 454.253 325.246 482.152 457.74 489.2 572.859 363.43 576.416 307.61 572.93 293.588 764.903 283.237 932.346 422.756 579.924 429.727 764.903 433.155 928.808 363.464 182.053 401.819 182.101 339.058 213.446 419.322 216.947 447.287 974.308 464.696 963.818 426.187 935.933 255.297 981.308 237.786 963.935 290.191 942.928 
377.315 188.95 374.046 318.126 293.802 300.699 209.954 182.08 210.053 59.776 450.75 328.56 478.734 457.867 489.138 572.899 359.987 579.899 304.11 573.045 293.605 764.954 283.252 932.335 419.33 586.832 429.65 764.974 433.154 928.863 353.1 182.003 398.415 182.036 332.074 213.453 409.003 216.983 450.663 974.315 464.711 963.809 426.188 935.981 255.295 981.291 237.799 963.921 290.204 942.898 
373.926 189.022 373.833 318.153 293.641 300.755 213.361 178.466 255.221 52.839 440.302 325.161 468.29 457.633 485.732 572.914 356.492 579.874 300.648 576.357 290.356 768.281 283.27 932.278 412.375 583.387 426.286 768.231 433.165 928.873 349.67 182.005 394.867 182.109 325.146 213.444 405.53 223.843 447.312 974.297 464.701 963.811 426.244 935.998 255.319 981.306 237.819 963.924 290.246 939.464 
370.399 189.027 366.889 317.996 290.12 297.308 220.396 178.349 286.593 70.348 436.736 325.037 464.663 457.588 485.59 572.785 353.152 576.486 297.286 573.046 290.298 768.254 283.183 932.314 412.303 583.328 426.265 768.286 433.154 928.924 349.435 182.01 381.076 182.122 321.666 213.502 405.333 220.442 450.688 974.33 464.715 963.816 426.193 936.002 255.328 981.321 237.81 963.953 290.205 939.48 
359.984 188.929 359.956 318.03 290.01 300.73 227.313 171.538 317.964 80.845 433.381 321.807 461.25 454.243 482.173 572.909 353.042 579.91 297.183 576.426 290.272 768.249 279.784 932.41 408.897 583.42 426.251 764.991 433.145 928.891 345.876 181.96 377.444 182.095 318.073 213.506 401.828 220.405 450.683 974.358 464.716 963.833 426.187 935.98 255.284 984.638 237.76 963.996 290.175 946.315 
349.676 189.056 353.106 317.967 283.253 300.708 234.295 168.06 342.61 105.235 433.24 321.726 461.11 454.242 478.663 572.912 349.733 579.854 293.832 576.357 290.24 764.9 279.768 932.348 405.577 583.361 422.842 764.991 429.974 928.831 335.515 182.107 373.915 182.117 314.584 216.959 394.876 220.458 447.314 974.342 464.694 963.821 422.867 935.934 255.32 981.322 237.767 963.979 290.178 942.873 
349.534 189.045 353.04 317.928 283.145 300.69 237.911 167.996 349.555 126.058 429.932 321.642 457.834 454.212 468.289 572.908 349.684 579.872 293.817 576.356 290.191 764.934 279.705 932.348 405.502 583.371 422.791 768.257 429.957 928.83 328.581 182.089 370.535 182.094 307.671 220.385 387.89 216.975 450.688 977.729 464.682 963.831 422.836 935.922 255.345 981.314 237.775 963.984 290.136 942.846 
346.004 192.416 352.978 314.69 279.728 300.65 244.771 167.994 363.502 129.722 429.751 321.559 457.747 454.108 464.724 569.555 349.646 579.853 293.826 573.042 290.132 768.268 276.235 932.402 405.412 583.368 419.359 768.266 429.968 928.923 321.716 182.077 363.464 182.062 300.607 220.433 380.913 216.906 450.724 977.742 464.703 963.848 422.86 936.009 255.293 981.326 237.719 964.004 290.077 942.899 
342.594 192.475 349.72 317.929 279.72 304.14 241.355 167.983 366.893 136.632 429.686 321.502 457.563 454.119 461.191 569.463 349.547 579.835 293.68 573.019 290.132 765.003 272.836 932.43 405.333 583.346 419.288 764.952 429.96 928.869 321.536 182.154 356.468 182.073 297.216 227.314 377.514 216.969 450.678 974.355 464.677 963.82 422.845 935.976 255.281 981.333 237.697 964.011 290.023 942.927 
342.468 192.484 349.683 314.677 279.691 304.126 237.873 168.03 353.083 129.628 429.68 321.482 454.254 454.1 457.74 569.382 349.532 576.435 293.641 572.988 290.121 764.967 272.823 932.427 405.34 579.884 419.336 768.261 429.947 928.894 318.271 182.18 353.073 182.072 297.197 223.884 377.538 213.533 450.697 977.718 464.679 963.829 422.835 936.001 255.274 981.328 237.702 964.01 290.012 942.938 
335.613 189.037 349.634 314.653 276.18 304.126 234.314 171.466 345.988 122.625 429.693 321.452 454.246 450.79 457.549 569.386 349.463 576.396 293.55 572.986 290.072 768.26 276.169 932.392 405.294 579.852 419.269 768.26 429.956 928.904 318.137 182.115 352.965 182.054 297.118 227.306 377.572 216.948 450.674 977.712 464.667 963.827 422.858 935.993 255.336 981.314 237.744 964.011 290.026 942.874 
335.604 192.415 349.618 317.928 272.694 304.221 230.776 164.61 325.231 98.369 429.715 318.265 454.303 443.804 454.19 565.897 349.479 576.447 293.596 573.019 290.085 768.237 276.202 932.395 405.271 579.905 415.858 764.946 429.945 928.833 318.14 182.089 349.699 182.043 297.183 223.837 377.551 216.872 447.306 974.33 464.644 963.808 422.827 935.932 255.342 981.289 237.751 963.987 290.05 942.913 
338.995 192.416 349.653 317.911 272.797 307.689 220.447 174.899 297.252 91.2 429.741 318.214 457.548 443.708 450.774 565.793 349.388 576.348 293.545 572.967 290.096 768.231 276.25 932.394 402.002 576.456 415.897 764.992 429.954 928.861 318.163 182.1 353.006 182.056 297.265 220.43 377.604 213.522 447.3 974.31 464.644 963.793 422.827 935.946 258.676 981.233 237.785 963.947 290.073 942.918 
342.431 189.043 349.73 314.643 279.673 307.588 213.431 178.371 272.764 66.937 429.799 318.187 457.634 440.307 450.691 559.009 349.559 583.336 293.67 576.47 290.11 768.3 276.26 932.389 405.355 586.835 422.742 764.951 429.952 928.856 318.268 182.123 356.452 182.027 297.238 223.814 380.87 213.427 447.298 974.279 461.411 963.775 422.829 935.973 258.665 981.285 237.768 963.978 290.072 942.921 
342.545 189.07 353.023 314.685 283.138 311.046 209.823 178.636 241.475 66.772 429.93 318.196 457.711 440.324 450.774 558.883 349.646 583.328 293.797 576.492 290.131 768.386 276.301 932.404 405.422 583.41 422.77 768.258 429.968 928.874 321.501 182.132 359.971 182.035 300.613 223.817 380.979 213.395 450.688 974.3 464.669 963.788 422.87 935.993 255.303 981.275 237.75 963.953 290.093 942.959 
345.947 192.419 356.463 317.91 286.58 307.655 206.311 181.926 210.115 52.805 433.321 318.229 457.782 440.231 454.165 555.501 349.675 579.857 293.835 576.386 290.21 764.98 276.269 932.407 405.419 579.929 422.812 764.971 433.126 928.851 321.643 182.118 366.894 182.03 304.141 220.395 384.479 210.126 450.708 974.317 464.688 963.801 426.201 935.965 255.308 981.302 237.76 963.981 290.061 942.949 
346.135 189.036 359.952 317.927 286.69 311.046 199.391 185.547 181.924 56.282 433.431 321.488 461.151 440.36 457.592 555.399 352.98 579.852 297.199 576.354 290.254 764.974 279.659 932.349 405.507 579.946 426.274 764.984 433.13 928.857 325.04 182.129 370.377 181.989 311.163 220.383 391.39 210.116 450.716 974.331 464.686 963.813 422.873 935.952 255.312 981.291 237.757 963.96 290.085 942.916 
349.546 192.471 367.027 317.966 286.732 304.117 185.436 199.375 150.684 91.278 440.349 321.605 461.382 440.228 457.823 548.565 353.094 579.936 297.235 576.404 290.348 765.002 279.651 932.377 408.876 583.399 426.326 768.312 433.146 928.886 328.639 182.195 373.794 181.989 317.909 220.433 398.366 210.112 450.708 974.328 464.688 963.818 426.19 935.958 255.312 981.279 237.744 963.95 290.068 942.938 
352.998 189.014 373.791 318.003 290.271 304.204 178.643 209.872 122.511 101.78 447.309 321.684 464.717 440.28 461.166 551.969 356.521 576.391 300.754 572.94 293.537 764.805 279.743 932.385 409.004 576.488 429.691 764.971 433.137 928.795 339.03 182.177 373.969 181.928 321.444 220.429 401.862 210.072 450.673 974.293 464.681 963.801 422.852 935.895 255.273 984.649 237.735 963.995 290.113 946.323 
356.605 192.485 374.053 318.053 293.665 304.225 181.989 227.321 94.821 129.597 454.218 321.757 468.287 447.208 464.666 551.943 356.591 583.359 304.167 576.445 293.535 768.304 279.741 932.436 412.381 586.848 429.689 768.233 429.968 928.813 345.948 182.167 377.461 182.001 325.077 220.342 405.42 213.351 450.711 974.286 464.692 963.788 422.81 935.929 255.274 984.655 237.743 964.005 290.097 946.396 
370.437 192.402 377.38 318.017 293.773 304.186 178.449 234.396 70.455 154.249 457.609 321.762 478.669 443.82 475.209 552.053 363.427 579.939 307.602 576.382 293.586 768.47 283.142 932.44 419.364 586.87 429.75 768.295 433.129 928.817 349.412 182.135 384.473 181.986 328.626 216.956 408.934 210.08 450.707 974.285 464.698 963.792 422.825 935.921 255.259 984.666 237.753 963.995 290.13 946.386 
373.943 192.416 377.477 318.005 293.796 304.189 178.589 238.021 70.202 188.966 457.779 321.728 482.179 450.728 482.183 558.883 363.498 576.382 311.041 572.902 293.664 768.261 283.164 932.423 422.748 579.871 429.839 764.811 433.134 925.449 349.66 182.117 394.868 182.012 335.618 216.942 412.415 213.348 450.708 974.277 464.72 963.784 422.812 935.895 255.249 984.69 237.751 964.002 290.126 946.362 
377.352 192.436 377.636 318.009 297.178 304.15 178.413 241.475 59.76 206.543 457.876 321.756 485.613 454.105 489.006 565.891 366.995 576.392 311.117 572.9 293.698 768.34 283.202 932.393 426.296 579.959 429.912 764.882 433.153 925.449 356.451 182.091 398.461 182.032 342.51 213.54 426.193 213.349 447.315 974.252 464.717 963.788 422.83 935.88 255.246 984.653 237.763 963.98 290.175 942.966 
377.564 192.438 380.944 318.068 297.262 307.592 178.564 251.779 63.227 216.931 461.174 321.799 489.002 454.125 489.304 565.902 370.438 576.353 314.581 572.881 293.644 768.329 283.244 932.383 426.37 579.873 429.942 764.904 433.15 925.385 363.482 182.112 401.823 182.031 345.894 216.869 426.388 213.436 447.309 974.262 464.716 963.788 422.79 935.808 255.299 981.33 237.803 963.959 290.219 942.945 
381.008 192.42 380.983 318.077 300.63 307.609 178.603 251.835 59.831 216.852 461.238 321.804 489.112 454.175 492.767 565.887 373.781 573.024 314.694 572.824 293.654 768.383 286.561 932.361 429.68 579.894 429.962 765.0 433.168 925.426 370.387 182.091 402.023 182.059 346.048 213.543 429.716 213.521 450.666 974.268 464.733 963.795 422.83 935.866 255.276 984.685 237.791 963.996 290.231 942.916 
381.068 192.448 381.015 318.017 300.639 304.123 181.91 248.253 63.229 209.811 461.282 321.798 489.172 450.701 503.08 569.286 373.85 572.908 317.961 569.466 293.638 768.339 286.57 932.383 429.754 576.402 429.957 764.849 433.178 925.438 370.479 182.086 405.26 182.093 346.12 213.453 429.823 216.866 450.695 974.273 464.764 963.797 422.852 935.89 255.297 984.686 237.801 967.241 290.253 942.935 
381.081 192.446 381.017 317.995 300.708 300.742 185.433 237.989 70.18 195.903 461.268 321.785 489.331 457.557 510.108 572.79 373.871 573.002 317.972 572.821 293.663 765.002 283.253 932.384 429.793 579.849 433.134 764.913 433.197 928.81 370.488 182.085 405.267 182.083 346.135 213.46 429.841 213.546 450.692 974.276 464.772 963.815 426.191 935.951 255.321 984.634 237.797 963.974 290.21 942.958 
381.066 189.04 381.047 318.034 304.218 304.127 185.607 234.188 73.861 174.943 461.254 321.797 489.324 454.26 513.533 569.528 373.862 573.007 317.982 572.826 293.708 768.238 283.272 932.378 429.775 579.855 429.949 768.271 433.194 928.866 370.425 182.071 405.238 182.07 346.087 213.517 429.768 216.852 450.703 974.29 464.773 963.825 426.214 936.001 258.661 981.322 237.823 963.962 290.24 946.315 
380.884 189.056 381.009 318.011 304.131 300.717 185.485 216.882 84.301 140.144 461.229 321.803 489.286 454.198 513.638 569.466 373.833 572.951 317.962 569.49 293.693 768.285 286.58 932.362 429.738 576.473 429.964 768.255 433.162 928.854 366.916 182.119 401.904 182.019 345.949 216.897 429.63 213.43 450.754 974.31 464.755 963.828 422.857 935.982 255.338 984.659 237.847 963.974 290.228 942.938 
377.487 189.033 380.982 317.967 304.117 300.625 192.481 206.481 112.203 105.171 461.168 321.781 489.242 454.207 513.717 572.768 373.853 572.966 317.963 569.492 293.716 764.875 286.601 932.331 429.754 576.496 429.94 765.008 433.168 928.849 359.955 182.098 401.75 181.992 342.569 216.912 426.275 213.387 450.706 974.274 464.743 963.806 426.184 935.983 258.696 984.638 237.884 963.973 290.251 942.944 
374.121 188.932 377.649 317.961 300.67 300.668 202.931 202.929 147.062 77.225 457.811 321.736 489.077 454.122 513.685 569.475 373.764 572.942 314.684 569.483 293.739 764.923 286.662 932.285 429.662 576.466 429.932 768.276 433.161 928.894 353.043 182.052 398.379 181.931 342.397 216.909 422.768 210.11 450.779 974.33 464.744 963.823 426.188 935.996 258.679 981.322 237.903 963.939 290.302 942.867 
373.924 189.046 377.584 318.068 300.636 307.579 209.795 192.505 181.9 39.01 457.739 321.762 488.971 450.745 513.644 569.465 370.462 573.014 314.604 572.809 293.749 764.91 286.708 932.264 429.613 579.863 429.847 768.269 433.135 928.899 349.623 182.099 394.827 182.002 332.143 216.932 412.422 210.09 450.806 974.346 464.742 963.824 422.836 936.031 258.692 981.265 237.941 963.908 293.552 942.867 
370.43 189.014 377.386 318.034 297.246 304.204 213.485 182.018 234.352 39.009 457.541 321.796 485.691 447.315 513.451 569.394 367.041 572.977 314.516 569.521 293.711 764.952 286.713 932.304 426.271 576.452 429.773 764.953 433.14 928.919 349.396 182.108 384.439 181.978 328.571 220.357 408.834 213.353 454.125 974.36 464.766 963.828 422.845 936.061 255.335 981.302 237.903 963.926 293.562 942.912 
360.005 188.918 374.076 318.087 293.822 304.189 227.286 178.497 279.69 42.469 454.121 325.067 485.547 450.774 510.094 569.353 366.89 572.953 311.118 572.808 293.687 764.952 286.666 932.323 422.836 576.382 429.752 764.938 433.146 928.893 345.929 182.087 377.449 181.909 321.685 223.847 405.387 210.121 454.113 977.71 464.766 963.84 426.187 936.056 255.296 981.329 237.857 963.956 290.345 942.964 
353.102 185.624 373.86 318.012 293.643 304.126 234.145 175.081 297.294 77.322 447.2 321.747 482.221 454.176 503.165 569.487 363.523 573.028 307.694 572.87 293.645 768.248 286.635 932.305 422.867 576.455 429.749 764.989 433.148 928.83 338.989 182.151 374.024 181.901 318.181 227.29 401.85 213.36 450.782 974.354 464.755 963.832 426.19 935.968 255.223 984.639 237.813 963.948 290.303 942.887 
349.546 192.413 370.478 318.007 290.313 304.176 237.779 171.478 332.073 94.582 436.915 321.661 478.688 454.263 496.135 569.502 360.013 579.879 304.171 576.394 293.606 768.373 286.594 932.414 419.337 583.34 429.723 764.937 433.127 928.825 325.168 182.204 370.542 181.943 314.629 230.734 398.324 213.405 450.774 974.346 464.746 963.822 422.876 935.956 255.278 981.309 237.833 963.932 290.247 946.393 
346.141 192.424 366.888 314.655 290.166 300.653 244.852 161.1 352.983 105.149 433.458 321.617 468.174 454.095 489.333 569.377 359.974 576.444 304.112 573.005 293.587 768.314 286.567 932.415 419.292 579.882 429.612 764.858 433.134 928.83 321.729 182.204 366.968 181.964 311.094 230.769 387.954 213.407 450.743 974.36 464.735 963.825 422.87 935.96 251.855 984.656 237.79 963.967 290.237 946.371 
345.924 192.519 363.429 317.923 290.087 300.71 251.838 157.619 363.463 122.553 433.358 321.618 461.386 450.75 485.666 569.259 356.506 579.909 297.309 576.437 290.358 768.37 286.55 932.469 412.448 583.379 426.32 768.311 433.151 928.905 321.572 185.453 359.958 182.004 304.175 227.339 381.025 210.024 450.736 974.359 464.734 963.829 426.225 935.99 255.223 984.639 237.797 963.965 290.24 949.833 
342.591 195.884 356.6 314.589 286.763 297.237 255.246 157.508 370.348 122.635 433.326 321.558 461.244 450.695 482.043 572.773 353.117 576.389 297.21 572.936 290.253 764.979 283.249 932.478 412.311 579.842 426.207 768.274 429.974 928.892 318.287 185.526 353.095 181.978 300.652 227.401 380.966 210.072 450.796 977.737 464.701 963.836 422.855 935.97 255.213 984.693 237.769 967.247 290.214 949.839 
342.4 192.52 356.564 314.631 290.014 300.642 251.728 157.515 359.987 122.555 433.273 321.531 461.094 450.721 471.646 569.49 352.957 576.491 293.843 573.026 290.232 764.988 283.22 932.452 408.822 579.93 426.213 765.004 429.977 928.899 318.173 185.492 349.713 181.959 297.183 227.347 380.879 210.023 450.743 974.358 464.68 963.827 422.856 936.007 255.241 984.647 237.792 963.98 290.186 949.813 
342.409 192.481 356.542 314.594 286.753 297.267 241.346 154.248 346.013 119.074 433.278 321.507 457.779 443.785 461.41 569.312 352.962 579.902 297.125 576.363 290.181 768.381 283.168 932.498 405.562 583.397 426.215 768.234 429.974 928.865 318.174 185.464 353.01 181.959 297.227 227.307 380.93 210.058 450.744 977.712 464.68 963.83 422.846 935.979 255.222 984.705 237.765 967.27 290.152 949.835 
342.504 192.406 356.542 314.556 286.765 297.172 237.718 157.579 339.043 98.239 433.276 321.536 457.715 447.221 461.131 565.96 349.693 579.885 293.82 576.348 290.215 768.257 283.187 932.422 405.493 583.396 426.206 768.267 429.968 928.894 318.245 182.212 353.146 181.925 300.615 227.394 381.049 210.068 450.764 974.348 464.684 963.814 422.818 936.013 255.337 984.648 237.822 963.994 290.15 946.396 
345.856 192.412 359.968 314.542 290.109 297.117 230.74 157.703 318.084 84.307 433.298 321.599 457.685 447.276 457.619 565.909 349.615 579.863 293.684 576.369 290.215 768.393 279.695 932.504 405.426 583.346 422.849 768.412 433.133 928.86 321.498 182.183 356.581 181.926 300.727 227.295 381.089 209.978 450.72 974.346 464.706 963.812 422.847 935.938 255.258 984.647 237.712 967.251 290.067 949.846 
346.051 188.944 359.998 314.493 290.075 293.817 220.418 164.563 293.707 77.355 433.395 321.615 457.697 447.274 457.549 562.415 349.587 573.026 293.664 572.887 290.168 768.262 279.705 932.462 405.384 576.447 419.359 768.241 429.972 928.858 321.663 182.099 366.957 181.883 307.69 223.832 384.523 210.05 450.694 974.355 464.678 963.822 422.856 935.96 255.223 984.661 234.489 967.26 290.097 946.437 
349.547 189.002 363.508 314.511 290.123 293.727 213.44 171.563 265.784 70.308 433.463 321.698 457.743 450.707 457.524 558.98 349.584 573.017 293.687 572.874 290.252 764.943 279.743 932.448 405.371 576.444 422.73 764.998 429.97 928.837 325.211 182.159 373.745 181.895 314.525 220.448 394.866 210.041 450.694 974.361 464.685 963.82 422.857 935.924 255.264 984.636 237.725 964.008 290.092 946.438 
353.022 188.966 370.338 314.541 290.308 293.732 209.833 174.984 234.48 66.793 436.848 321.764 457.773 447.232 454.246 558.921 349.596 572.958 293.756 569.523 290.338 764.959 279.718 932.475 405.354 576.388 422.759 764.982 429.971 928.828 335.626 182.109 373.961 181.925 318.056 216.982 401.718 213.344 447.311 974.353 464.674 963.83 422.875 935.925 255.276 984.684 237.717 967.277 290.072 949.809 
360.037 188.975 373.794 314.627 293.672 293.804 206.364 178.469 206.576 52.845 440.331 321.775 461.084 443.783 457.52 555.423 349.627 576.35 293.796 572.868 290.351 768.249 279.722 932.491 405.381 576.474 422.751 764.992 429.973 928.825 345.892 182.023 377.482 181.929 321.561 216.909 405.283 213.395 450.663 974.364 464.683 963.824 426.176 935.92 255.29 984.655 237.737 967.258 290.068 949.84 
373.748 189.052 374.028 317.908 293.831 293.829 202.823 178.508 174.978 42.458 450.725 325.16 461.282 450.702 457.738 548.612 352.97 573.011 297.187 572.812 293.533 768.347 279.707 932.523 405.492 576.437 422.883 768.289 433.128 928.974 349.465 182.072 384.523 181.961 328.548 216.923 405.564 213.398 450.735 977.722 464.72 963.839 422.866 936.055 255.259 984.691 237.71 967.285 290.069 949.885 
377.326 188.92 377.442 317.924 300.634 293.788 199.402 182.011 147.155 91.276 457.542 325.237 461.408 447.24 457.861 551.973 353.086 576.35 300.636 572.854 290.353 768.244 276.291 935.797 408.799 576.49 426.267 764.986 433.132 928.932 353.044 181.994 398.359 181.893 335.625 213.472 415.858 210.033 450.675 974.364 464.709 963.834 426.192 936.038 255.262 984.673 237.704 967.273 290.028 953.296 
380.95 189.047 377.646 314.69 307.628 293.725 202.986 195.974 126.162 105.172 457.714 328.545 464.739 457.59 461.169 558.967 356.458 579.838 300.73 572.929 293.583 768.366 279.673 935.814 408.893 583.426 426.3 768.338 433.15 928.98 366.9 182.052 401.911 181.997 342.566 213.451 426.295 213.39 450.678 977.712 464.707 963.849 426.216 939.338 251.852 984.692 234.476 967.281 290.046 953.304 
391.387 192.429 381.066 317.939 314.526 293.682 202.933 202.837 108.702 112.172 461.081 328.641 468.243 457.662 464.666 565.792 356.546 576.398 304.162 572.827 293.6 768.315 279.774 932.499 408.976 579.959 426.3 768.285 433.14 928.983 373.882 182.021 405.444 182.028 349.385 213.463 429.915 213.476 450.741 977.725 464.73 963.846 426.193 936.068 255.253 984.628 237.737 963.985 290.092 949.831 
398.451 192.498 387.958 317.966 318.017 293.696 202.967 206.288 98.295 122.785 461.259 332.063 475.239 457.806 475.108 569.228 363.472 576.447 311.058 572.875 293.593 768.313 283.15 932.531 415.911 586.824 426.315 768.269 433.143 928.931 377.402 182.056 412.421 182.103 352.999 213.354 433.34 216.966 450.721 974.356 464.736 963.829 426.194 936.02 251.844 984.68 237.713 964.009 290.115 949.891 
401.851 192.521 394.935 318.007 318.18 293.746 206.313 206.447 98.352 129.589 461.371 332.072 482.184 461.214 482.12 569.254 366.884 572.925 311.167 569.407 293.614 764.938 283.128 935.772 419.356 576.447 429.592 764.899 433.18 928.945 377.559 182.098 422.749 182.106 356.479 213.488 433.459 216.953 450.692 974.338 464.744 963.832 426.247 936.037 251.824 984.684 237.695 967.255 290.103 953.304 
402.0 192.504 401.709 318.04 321.592 293.765 206.34 206.4 98.331 129.591 464.797 335.568 485.568 461.117 489.101 569.36 370.365 572.921 314.58 569.397 293.659 764.944 283.125 935.785 426.19 576.463 429.675 764.923 433.151 928.805 380.932 182.083 426.191 182.099 360.021 213.481 436.826 216.874 450.707 974.349 464.739 963.823 422.861 935.907 251.784 984.685 234.483 967.258 290.104 953.321 
405.289 192.513 401.769 318.028 321.625 293.754 206.538 206.265 105.146 122.696 464.838 335.569 485.808 461.161 492.742 572.818 370.419 572.882 314.629 569.36 293.655 768.408 283.174 935.781 426.241 576.417 429.734 768.28 433.154 928.847 381.078 182.099 426.352 182.102 363.476 213.526 440.303 216.89 450.674 974.36 464.723 963.837 422.856 935.954 251.771 984.699 237.699 967.253 290.146 953.282 
405.285 192.44 401.776 318.016 321.599 293.698 209.951 202.883 119.215 122.482 468.166 335.576 489.107 461.178 499.686 573.055 370.41 572.917 314.613 569.376 293.645 768.51 283.256 935.781 426.247 576.47 429.809 768.326 433.139 928.838 381.085 182.066 426.37 182.079 363.478 213.484 440.358 216.904 450.672 977.737 464.703 963.859 422.847 935.95 251.79 984.722 237.734 967.259 290.194 953.288 
402.038 189.004 401.72 318.028 321.593 293.698 209.976 185.54 126.319 98.27 464.823 335.511 489.189 461.201 510.085 573.016 370.484 572.902 314.651 569.391 293.645 768.317 286.608 932.44 426.362 576.464 429.833 768.305 433.147 928.936 380.98 182.029 426.322 182.032 363.448 213.5 440.261 216.941 450.755 977.74 464.734 963.867 422.855 936.033 251.83 984.733 237.747 967.254 290.235 946.431 
401.894 189.001 398.384 317.99 321.537 293.687 213.41 182.128 150.717 91.238 464.732 332.111 489.259 461.114 513.715 576.371 370.475 572.83 314.688 569.332 293.667 768.328 286.646 932.403 426.309 576.372 429.851 764.891 433.145 928.838 377.65 182.007 426.175 182.068 356.576 213.448 436.765 220.35 450.737 977.718 464.723 963.844 422.849 935.954 255.215 984.715 237.816 964.009 290.283 946.405 
401.806 189.027 394.832 317.956 318.136 293.686 210.106 178.453 164.511 45.858 461.366 328.657 489.234 457.847 517.066 573.081 370.502 572.903 314.678 569.41 293.646 768.314 286.657 932.404 426.386 576.421 429.842 764.914 433.141 925.482 377.572 182.024 419.359 182.113 353.142 213.474 433.382 223.865 450.657 974.354 464.703 963.836 422.835 935.897 255.246 984.726 237.825 967.25 290.293 946.427 
398.361 189.019 387.959 317.98 318.001 293.748 220.373 178.359 202.903 42.351 461.278 328.626 489.21 457.802 517.235 573.054 370.49 572.961 314.694 569.476 293.63 768.318 286.651 932.385 426.34 576.456 429.836 764.985 433.147 928.817 377.386 182.003 412.348 182.071 353.008 213.418 433.299 220.432 450.735 977.745 464.727 963.861 422.814 935.918 255.252 984.681 237.817 963.983 290.303 946.419 
391.387 185.631 384.377 317.965 314.511 293.762 227.368 178.373 234.343 45.926 461.143 325.25 489.155 457.762 517.238 572.922 370.45 572.982 314.61 569.508 293.654 768.426 286.68 932.413 426.361 576.465 429.861 764.954 433.153 928.807 373.914 181.967 405.461 182.039 349.415 213.497 429.87 220.348 450.729 977.736 464.743 963.858 422.821 935.918 255.256 984.693 237.842 963.99 290.308 946.439 
384.37 188.951 380.919 317.967 307.668 293.823 230.82 178.334 265.785 45.984 457.765 325.207 489.035 457.662 517.184 572.862 370.454 573.027 314.654 572.844 293.646 768.287 286.66 932.44 426.345 579.848 429.854 764.999 433.142 928.79 370.414 181.973 402.039 182.03 345.849 213.409 426.324 216.845 450.719 977.741 464.749 963.858 422.799 935.895 255.227 984.685 237.812 963.989 290.298 949.859 
377.514 185.618 377.563 317.929 300.674 293.863 230.873 178.35 293.677 66.739 457.646 325.113 485.746 454.306 517.046 572.783 370.407 572.91 314.614 569.461 293.613 768.33 286.652 932.427 426.297 576.392 429.829 764.956 433.154 928.82 359.985 181.984 401.763 181.958 339.106 213.471 422.748 213.534 450.684 977.712 464.729 963.847 422.824 935.939 255.251 984.679 237.836 963.983 290.3 949.82 
374.081 185.581 377.389 317.949 297.225 297.143 230.905 178.307 321.562 91.125 454.284 325.09 485.641 454.2 513.576 572.804 366.956 576.387 311.136 572.917 293.604 771.813 286.588 932.524 426.239 579.909 429.865 768.402 433.151 928.845 352.978 181.989 398.357 181.954 332.078 216.95 412.367 216.859 450.674 974.365 464.714 963.842 422.838 935.947 251.862 984.732 237.77 967.268 290.225 953.275 
373.9 189.028 377.286 318.034 293.835 300.627 234.304 174.99 335.507 112.155 454.174 325.098 485.476 454.248 510.017 572.764 366.943 572.93 311.172 569.493 293.576 768.492 283.259 935.767 422.866 576.362 429.843 768.352 433.155 928.882 349.634 182.099 391.431 182.042 328.557 216.976 405.59 220.367 450.7 977.741 464.727 963.867 422.862 935.988 251.82 984.733 237.738 967.276 290.199 953.308 
366.97 192.507 374.013 318.021 293.802 297.32 234.491 178.341 370.437 129.668 450.672 321.806 482.168 457.566 499.665 572.765 366.924 576.347 311.098 572.896 293.597 771.808 286.559 932.511 426.19 579.844 429.825 768.326 433.131 928.832 346.152 182.073 380.921 182.117 321.726 213.425 405.407 213.545 450.658 977.737 464.695 963.857 422.804 935.95 251.847 984.733 237.765 967.269 290.215 949.887 
363.469 195.993 373.955 318.107 293.792 304.159 237.798 178.565 363.443 157.609 447.273 325.035 478.615 457.55 492.606 569.528 363.494 576.476 307.591 573.009 293.571 768.52 286.552 932.505 422.884 579.93 429.795 764.979 433.14 928.804 346.042 185.418 380.991 182.082 321.652 216.938 405.276 213.452 450.676 974.361 464.719 963.825 422.809 935.95 255.209 984.694 237.78 967.243 290.205 949.887 
349.551 199.41 373.897 318.069 293.668 300.621 237.721 185.614 363.489 185.579 447.241 325.033 464.822 450.688 485.635 569.463 359.942 576.418 300.721 573.001 293.546 768.526 286.564 932.519 415.876 576.509 429.669 764.996 433.128 928.84 339.116 182.031 373.8 181.874 321.649 209.895 402.027 206.504 447.304 974.342 464.688 963.823 422.805 935.959 251.834 984.682 237.787 963.997 290.218 949.893 
353.152 202.997 373.808 318.132 293.611 307.68 234.326 206.494 321.797 213.524 443.827 321.783 464.708 450.752 482.114 572.819 356.523 573.039 300.698 572.891 290.345 764.923 286.558 932.49 412.38 576.464 429.595 764.956 433.139 928.857 339.061 188.919 374.085 185.539 314.577 223.861 401.839 216.956 450.655 974.356 464.684 963.822 422.861 935.964 251.837 984.68 237.776 963.996 290.228 949.883 
353.048 202.885 373.851 318.128 293.555 304.206 234.211 237.692 339.111 244.873 447.246 325.042 461.433 450.711 468.268 569.386 356.511 576.455 300.714 572.98 293.521 764.975 286.577 932.459 412.32 579.926 429.638 764.985 433.148 928.894 339.053 188.941 373.995 185.433 321.45 220.407 401.912 216.842 447.295 974.317 464.674 963.816 426.191 936.009 251.85 984.69 237.783 964.0 290.245 949.836 
353.002 206.268 373.851 321.661 293.574 318.041 213.363 269.185 332.067 283.225 450.666 325.169 464.659 454.211 461.33 569.494 353.092 583.416 300.623 576.463 290.281 768.259 283.235 932.5 408.85 590.315 429.589 768.363 433.131 928.938 339.048 195.907 373.964 185.456 318.269 227.382 401.952 213.479 447.288 974.314 464.663 963.818 426.193 936.038 251.854 984.681 237.767 964.007 290.208 949.894 
352.981 206.301 373.826 318.21 290.314 311.178 209.831 317.931 338.976 307.677 450.727 325.183 461.392 450.786 461.082 569.443 352.989 579.923 297.191 576.349 290.314 764.969 283.26 932.466 405.531 586.889 426.241 768.305 433.13 928.94 339.092 192.529 373.99 185.488 321.465 223.9 402.047 213.382 447.298 974.364 464.655 963.849 426.202 936.037 251.82 984.667 237.777 963.982 290.229 949.844 
353.045 206.359 370.537 321.533 290.076 314.551 209.869 356.458 332.07 349.755 450.787 328.527 461.41 454.295 457.735 569.31 349.723 583.346 297.161 576.401 290.236 764.977 283.257 932.449 405.457 590.293 419.369 768.285 433.125 928.937 342.477 195.929 374.054 185.544 321.557 223.892 405.318 213.365 447.288 974.355 464.648 963.837 426.205 936.042 251.822 984.66 237.775 963.979 290.232 949.812 
353.163 206.432 370.534 321.724 290.225 318.142 216.928 401.768 328.6 398.386 450.723 328.618 461.403 457.734 457.588 569.305 349.715 583.337 297.144 576.42 290.269 764.977 283.273 932.465 405.425 586.891 422.796 764.979 429.973 928.971 345.831 195.974 377.304 188.924 321.676 223.854 405.331 213.426 450.663 977.735 461.411 963.846 426.191 939.335 251.823 984.681 237.776 963.994 290.238 949.85 
353.171 206.48 370.482 325.206 290.068 321.712 234.207 429.69 318.037 450.68 450.688 328.676 461.33 457.815 454.245 569.223 349.712 586.878 293.831 579.912 290.255 765.001 286.552 932.487 405.493 590.382 422.851 764.947 429.978 928.97 345.849 195.997 377.36 189.022 321.711 223.842 405.36 213.533 450.674 977.749 461.417 963.855 426.2 939.337 251.845 984.688 237.78 963.999 290.214 949.904 
356.477 206.527 370.43 328.53 290.079 321.787 238.006 436.775 293.632 489.173 447.239 328.665 461.319 457.8 454.228 565.98 349.653 586.873 293.835 579.889 290.265 764.975 283.254 932.483 405.409 593.761 422.788 764.987 429.971 928.941 345.881 199.355 377.393 192.473 321.712 223.911 405.368 216.929 450.678 977.728 461.409 963.834 426.204 936.072 251.863 984.678 237.781 963.999 290.218 949.891 
353.107 209.805 367.004 328.552 286.701 325.104 262.083 450.753 290.175 541.329 443.714 328.623 461.205 457.75 454.257 565.989 349.712 583.398 297.269 579.873 290.266 765.001 283.203 932.51 405.371 586.9 419.373 764.951 429.96 928.899 342.597 199.417 377.363 195.942 321.584 220.392 405.357 216.863 447.299 974.364 461.391 963.828 426.191 936.027 255.278 984.64 237.797 963.99 290.186 949.912 
353.123 210.034 363.519 328.619 283.243 328.549 262.423 457.619 272.799 569.337 440.286 328.59 461.142 457.664 457.587 569.391 352.991 593.755 300.628 590.312 290.261 768.287 283.234 932.431 405.48 593.875 422.783 764.984 429.968 928.86 342.569 202.866 377.337 202.816 318.276 216.946 405.326 216.844 450.729 977.743 464.644 963.848 422.873 935.995 255.281 984.648 237.812 963.984 290.199 946.425 
353.163 213.544 363.491 328.64 283.19 328.635 265.667 457.616 262.362 579.954 440.253 328.533 461.089 457.624 457.679 569.445 352.955 593.874 300.626 593.85 290.213 768.39 283.239 932.467 405.459 593.9 422.883 768.306 429.974 928.864 342.573 206.279 377.345 206.263 318.17 220.329 405.206 216.948 450.74 977.755 464.659 963.862 422.871 935.98 255.236 984.68 237.784 964.012 290.214 949.82 
353.147 223.903 359.959 328.644 283.138 328.619 262.358 457.707 241.473 593.785 436.849 328.528 461.08 454.303 457.87 569.478 349.684 593.782 297.114 590.352 290.206 768.497 283.226 932.526 405.459 593.846 426.195 768.299 433.126 928.851 342.543 206.511 377.302 206.458 318.092 220.402 401.946 216.935 450.715 977.715 464.659 963.839 426.181 935.968 255.209 984.69 237.781 967.25 290.194 949.88 