335.615 408.812 426.245 391.464 0.0 401.914 394.838 342.58 401.983 405.335 412.407 450.704 401.826 401.947 461.106 0.0 349.428 0.0 394.878 370.512 394.925 485.605 373.904 380.961 485.541 
339.044 408.926 426.29 391.368 0.0 405.256 398.247 345.87 401.996 405.301 415.828 440.29 401.876 405.429 461.199 0.0 349.575 0.0 398.388 373.888 394.897 485.585 359.976 373.887 457.75 
342.427 412.398 429.719 0.0 0.0 405.368 398.431 345.923 405.269 405.34 408.961 440.308 401.936 405.536 461.254 0.0 349.709 0.0 401.758 373.903 394.928 485.658 359.971 373.886 464.709 
342.513 412.332 422.762 0.0 0.0 405.539 401.732 345.97 405.29 401.976 412.35 443.747 405.279 408.806 461.241 0.0 353.007 0.0 401.854 373.922 398.38 485.648 356.477 370.459 464.731 
345.828 408.931 405.39 0.0 0.0 415.801 401.831 345.977 405.344 401.973 419.359 443.758 405.382 409.002 461.311 0.0 353.133 0.0 402.017 377.393 412.348 485.707 363.506 374.011 461.208 
345.982 408.875 401.903 384.398 321.751 422.738 401.975 346.144 405.266 398.316 415.836 443.815 408.85 412.373 461.393 0.0 359.983 0.0 405.366 377.378 412.339 485.738 363.483 374.001 461.2 
346.182 408.978 405.303 398.406 335.54 426.203 405.359 349.43 405.463 405.407 429.668 450.709 405.48 408.99 461.418 0.0 366.916 0.0 405.504 377.478 415.824 485.735 360.002 373.933 468.216 
349.474 415.841 408.824 405.402 342.402 426.309 405.511 349.585 405.482 405.469 429.748 450.75 405.458 408.941 464.641 0.0 370.364 0.0 408.865 380.927 419.316 485.753 363.447 373.967 464.706 
349.597 419.333 405.517 408.887 0.0 429.748 408.847 353.029 405.541 405.332 426.271 454.128 412.302 412.436 464.665 0.0 370.511 0.0 408.977 384.417 422.829 485.728 360.008 373.896 468.211 
349.652 422.739 405.527 401.886 349.523 429.879 412.426 360.057 408.823 405.402 426.319 450.678 412.303 412.429 464.737 0.0 373.79 0.0 415.802 384.428 422.798 485.754 363.468 373.976 461.295 
353.094 422.835 405.473 398.368 345.905 433.24 426.287 366.965 408.894 405.483 426.287 447.197 412.328 415.884 464.754 0.0 373.924 0.0 419.367 394.894 426.339 485.774 363.506 373.996 457.792 
353.166 426.295 405.459 374.021 325.11 436.736 429.742 373.796 412.339 408.839 426.349 447.231 419.274 412.401 464.758 0.0 373.993 0.0 422.815 387.92 422.83 488.987 363.451 373.96 461.149 
359.939 426.331 405.332 360.036 321.621 443.711 429.848 374.079 408.938 405.395 419.338 443.714 419.293 415.882 464.777 0.0 374.088 0.0 426.225 387.931 426.285 485.757 363.478 373.953 457.623 
356.553 419.299 391.467 349.433 300.67 443.769 429.909 377.61 408.934 405.309 415.846 440.326 422.78 426.237 464.771 0.0 374.055 0.0 426.246 387.903 422.841 485.758 363.501 373.945 454.265 
360.04 415.898 387.966 342.513 293.651 443.748 433.169 387.901 408.893 401.941 415.877 440.348 422.78 419.355 464.776 0.0 374.122 0.0 426.275 384.481 426.281 485.747 363.476 373.93 457.605 
360.029 422.802 398.423 346.041 293.783 443.747 433.147 398.281 408.846 398.43 408.879 443.752 422.87 426.201 464.736 0.0 374.125 0.0 426.264 381.013 422.834 485.7 360.055 373.889 457.787 
359.969 422.874 401.884 349.492 297.253 443.76 429.895 401.729 405.444 391.382 405.362 440.362 426.231 426.281 464.772 0.0 374.108 0.0 426.249 391.432 426.301 485.777 363.501 373.936 457.708 
360.007 426.229 405.355 349.561 311.09 440.331 429.907 401.91 405.512 398.352 405.342 436.85 422.817 426.231 464.786 0.0 374.078 0.0 426.251 394.906 426.336 485.743 363.443 373.867 450.743 
359.947 426.381 408.862 356.556 318.015 436.89 429.861 402.006 408.915 405.323 408.882 436.898 422.757 422.746 464.816 0.0 374.087 0.0 426.28 394.93 426.299 485.76 360.053 373.844 450.757 
363.432 429.861 415.863 370.48 321.46 436.859 429.834 402.008 415.83 412.316 408.908 436.918 422.814 419.354 464.814 0.0 377.279 0.0 426.285 398.383 429.764 485.742 359.975 373.805 450.807 
363.526 433.227 426.348 374.089 325.185 436.744 429.785 401.898 412.401 422.83 429.704 440.284 408.882 415.829 464.78 0.0 377.353 0.0 426.242 394.92 426.319 485.704 353.068 366.995 454.248 
367.048 433.334 433.259 374.084 342.44 433.34 429.735 401.78 412.36 426.302 433.186 443.714 405.391 408.953 464.743 0.0 377.554 0.0 426.336 391.418 426.32 485.759 353.071 367.017 457.712 
366.908 433.234 429.711 374.079 349.524 433.343 429.645 398.411 405.449 405.392 426.322 440.302 408.832 408.968 464.811 0.0 377.402 0.0 426.35 401.875 429.814 485.765 353.051 366.96 454.303 
367.009 433.203 426.253 374.057 349.435 433.404 429.596 391.433 412.381 408.915 426.239 436.866 419.328 408.913 464.804 0.0 377.481 0.0 429.629 405.383 433.239 485.716 352.995 363.549 450.731 
370.386 429.928 426.246 0.0 0.0 433.339 426.317 380.94 415.87 419.375 429.837 440.266 415.801 405.268 464.792 0.0 377.601 0.0 429.663 412.302 433.284 485.75 349.623 359.991 454.196 
370.359 433.22 426.266 0.0 0.0 433.442 426.197 377.418 415.902 426.214 429.802 440.354 412.331 408.809 464.736 0.0 377.635 0.0 429.679 405.344 433.243 485.708 349.59 360.001 454.243 
370.48 429.924 419.356 0.0 0.0 433.415 422.824 373.978 412.304 426.235 429.915 443.787 405.373 405.346 464.728 0.0 380.911 0.0 429.739 391.433 429.761 485.694 349.641 363.46 457.624 
370.421 433.222 422.803 415.833 0.0 436.749 415.896 373.795 408.913 412.385 429.716 443.723 408.832 408.886 464.71 0.0 377.65 0.0 429.767 384.439 426.296 485.708 349.628 363.481 457.657 
370.486 433.266 426.355 412.408 0.0 433.435 415.786 366.913 408.938 419.324 433.185 447.239 405.426 405.405 464.677 0.0 380.898 0.0 429.79 380.961 426.271 485.69 349.614 363.477 461.176 
370.513 433.264 426.285 415.804 0.0 436.723 415.801 353.095 408.83 419.28 429.912 447.256 405.301 405.316 464.669 0.0 380.898 0.0 429.819 380.92 426.288 485.677 349.605 363.466 461.272 
370.455 433.273 422.843 0.0 0.0 436.819 415.785 349.527 405.38 408.821 429.816 447.233 402.001 405.351 464.663 0.0 380.879 0.0 429.833 377.438 422.783 485.684 349.577 360.063 461.213 
370.47 433.286 422.859 0.0 0.0 436.812 415.829 346.052 401.916 398.388 419.359 440.335 405.277 408.81 464.722 0.0 377.651 0.0 429.811 381.004 426.303 485.718 349.588 360.049 457.695 
370.376 433.315 426.283 0.0 0.0 436.832 419.275 345.913 401.923 401.881 415.883 436.868 401.875 408.907 464.715 0.0 377.617 0.0 429.785 384.412 426.289 485.709 349.569 360.058 450.762 
370.345 433.238 419.363 0.0 0.0 436.762 419.366 342.581 401.897 398.42 419.357 440.241 401.956 405.381 464.652 0.0 377.568 0.0 429.728 377.44 412.36 485.726 349.596 363.481 457.71 
367.002 429.9 412.429 0.0 0.0 436.761 419.395 342.576 401.818 394.867 412.348 436.87 401.96 405.412 464.674 0.0 377.515 0.0 429.705 377.469 412.335 485.685 349.551 360.042 450.767 
366.944 429.901 415.818 0.0 0.0 436.793 422.805 342.569 401.95 401.896 426.253 440.264 401.904 405.251 464.648 0.0 377.461 0.0 429.656 377.47 412.36 485.708 349.608 363.501 457.68 
363.484 429.815 408.929 0.0 0.0 440.231 422.829 345.854 401.827 394.933 415.853 440.28 401.923 405.494 464.66 0.0 377.399 0.0 429.623 377.517 419.344 485.715 349.582 363.445 454.287 
363.425 429.728 408.864 0.0 0.0 436.858 422.857 345.949 401.771 384.448 405.331 436.82 405.373 415.844 464.648 0.0 377.347 0.0 426.36 380.979 422.813 485.695 349.563 360.031 450.75 
359.95 429.793 408.969 0.0 0.0 436.851 422.845 345.995 401.868 391.439 405.446 436.753 405.354 415.845 464.7 0.0 377.284 0.0 426.32 384.488 426.241 485.738 349.608 363.472 443.783 
356.475 426.331 405.434 0.0 0.0 436.869 422.869 349.39 405.255 401.788 422.871 436.79 405.439 405.529 464.716 0.0 374.025 0.0 422.839 391.423 426.312 485.755 349.612 363.494 443.814 
353.152 426.217 405.351 0.0 0.0 433.464 422.784 349.592 405.314 405.333 422.768 436.727 405.324 408.899 464.732 0.0 374.01 0.0 419.36 384.438 426.248 485.741 349.628 363.5 443.742 
353.138 426.195 405.372 0.0 0.0 433.358 419.333 353.083 405.455 405.456 422.742 436.75 405.443 405.528 464.734 0.0 373.98 0.0 419.258 384.41 422.804 485.761 349.645 363.518 443.769 
352.963 422.799 405.429 0.0 0.0 433.182 415.794 363.431 405.504 408.847 408.965 433.474 405.481 415.838 464.731 0.0 373.918 0.0 412.371 380.979 422.784 485.75 349.609 363.475 440.359 
349.687 419.302 405.318 0.0 0.0 429.922 412.383 370.391 405.526 405.417 408.817 433.474 408.953 422.765 464.749 0.0 373.864 0.0 412.3 380.995 422.779 485.749 349.582 360.053 440.348 
349.672 426.249 419.355 0.0 0.0 429.639 408.879 373.859 408.884 412.338 419.287 436.753 408.826 415.844 464.728 0.0 373.874 0.0 408.917 380.984 422.794 485.728 349.55 360.013 440.384 
349.628 422.832 419.294 0.0 0.0 426.314 408.869 373.941 405.532 408.946 412.317 433.492 405.444 419.391 464.733 0.0 373.809 0.0 408.888 380.994 422.806 485.74 349.597 360.059 440.358 
349.647 426.317 429.731 0.0 0.0 426.187 405.515 373.997 408.873 419.309 419.377 436.819 405.369 422.79 464.742 0.0 373.794 0.0 408.872 384.424 422.824 485.746 349.619 363.483 447.225 
349.708 422.852 419.341 0.0 0.0 426.258 405.455 374.018 408.818 412.334 422.841 436.875 405.436 415.88 464.71 0.0 373.798 0.0 408.832 384.462 422.826 485.718 349.653 363.521 447.319 
349.588 426.268 429.746 0.0 0.0 422.774 405.356 373.941 408.964 422.794 426.203 440.236 405.437 412.37 461.434 0.0 370.439 0.0 408.804 377.5 422.817 485.711 349.634 363.508 447.304 
349.69 422.858 419.358 0.0 0.0 422.832 405.337 373.8 408.861 412.389 419.299 440.271 405.486 415.843 464.65 0.0 370.496 0.0 408.842 377.482 422.79 485.689 349.649 363.523 457.639 
349.63 426.204 422.846 0.0 0.0 422.785 405.219 373.8 412.359 422.78 429.65 443.742 408.824 408.966 464.643 0.0 370.435 0.0 408.859 377.483 419.346 485.717 349.592 363.477 457.785 
352.953 426.252 426.329 0.0 0.0 422.778 401.989 370.444 412.353 422.84 429.818 443.821 405.465 408.8 461.422 0.0 370.537 0.0 408.88 377.483 415.812 485.714 349.541 360.041 461.205 
353.047 426.352 433.296 0.0 0.0 419.351 401.917 360.035 412.372 426.247 429.869 443.785 405.439 405.527 461.393 0.0 373.804 0.0 408.863 377.446 412.349 485.706 349.618 363.531 461.208 
353.103 426.266 426.323 0.0 0.0 422.855 401.928 353.041 412.317 419.286 429.904 443.79 405.544 405.463 461.404 0.0 373.861 0.0 408.852 377.44 405.397 485.694 349.635 366.932 461.218 
353.103 426.227 422.778 0.0 0.0 426.232 401.97 349.472 408.834 408.836 422.869 440.312 408.813 415.791 461.417 0.0 373.833 0.0 408.848 377.472 412.325 485.713 353.004 366.986 454.225 
353.15 422.868 412.322 0.0 0.0 426.369 402.01 346.07 405.461 401.938 412.33 440.224 408.948 415.798 461.439 0.0 373.88 0.0 408.909 377.458 412.363 485.712 352.976 366.924 450.78 
353.144 426.193 408.936 0.0 0.0 429.686 405.307 345.908 405.512 401.964 412.304 436.887 412.356 415.806 461.441 0.0 373.897 0.0 408.961 377.422 412.326 485.723 353.052 367.013 447.253 
356.542 422.79 408.826 0.0 0.0 429.701 405.341 342.546 405.487 401.901 412.355 436.85 412.406 415.804 464.667 0.0 374.011 0.0 412.319 377.465 412.348 485.732 349.62 363.452 450.736 
356.485 426.345 415.847 0.0 0.0 429.777 405.411 342.408 408.807 405.394 426.253 440.356 408.949 408.964 464.64 0.0 373.95 0.0 412.311 377.405 412.353 485.7 349.56 360.009 454.279 
353.137 426.276 412.323 0.0 0.0 429.861 405.496 339.033 405.528 405.387 429.767 447.229 408.873 408.884 464.674 0.0 373.929 0.0 415.821 377.439 408.886 485.748 349.595 360.052 461.204 
356.468 429.668 415.878 0.0 0.0 429.884 405.547 338.977 408.85 405.391 412.415 436.926 412.33 419.284 464.686 0.0 373.9 0.0 415.872 377.504 415.841 485.776 349.56 359.988 450.732 
356.46 426.323 408.912 0.0 0.0 433.209 408.912 339.029 408.814 401.974 408.858 436.807 415.795 426.207 464.728 0.0 373.967 0.0 422.741 377.532 419.297 485.796 349.608 363.452 447.263 
353.128 426.336 408.937 0.0 0.0 433.23 412.359 339.1 408.92 408.832 419.279 436.922 412.334 426.228 464.72 0.0 373.94 0.0 422.752 377.53 419.3 485.77 349.668 363.532 450.753 
353.17 429.692 412.345 0.0 0.0 433.323 419.297 342.524 408.905 405.379 405.45 436.772 415.843 429.659 464.749 0.0 373.988 0.0 422.76 377.537 422.779 485.799 352.98 366.916 447.242 
356.525 429.738 408.97 0.0 0.0 436.732 419.334 342.619 408.853 405.344 405.358 436.785 415.817 422.834 464.754 0.0 374.036 0.0 422.868 380.933 422.792 485.772 352.966 363.539 447.258 
356.521 429.785 412.391 0.0 0.0 436.721 422.801 345.968 405.543 401.93 408.948 436.847 412.438 422.88 464.763 0.0 374.032 0.0 426.193 380.94 419.299 485.788 352.974 366.98 447.298 
356.557 429.773 412.335 0.0 0.0 436.741 422.795 346.056 408.856 401.957 405.313 436.739 419.294 429.648 464.746 0.0 374.066 0.0 426.248 380.943 422.802 485.753 349.662 363.513 447.236 
356.477 429.773 412.398 0.0 0.0 433.44 419.393 346.116 408.857 405.282 405.345 433.375 415.89 429.876 464.769 0.0 374.069 0.0 426.269 380.949 426.275 485.776 349.569 359.976 443.721 
356.505 429.757 412.33 0.0 0.0 433.47 415.872 349.422 408.834 401.917 401.789 433.381 419.354 429.819 464.77 0.0 374.087 0.0 426.31 384.431 429.74 485.774 349.612 360.023 443.762 
353.093 429.694 408.971 0.0 0.0 433.396 412.407 349.62 408.911 405.371 405.287 433.434 419.316 429.799 464.728 0.0 374.031 0.0 426.288 391.41 429.779 485.741 352.967 363.494 443.8 
356.476 429.857 429.748 0.0 0.0 429.929 408.893 353.074 412.352 412.309 405.489 433.396 415.823 426.323 464.72 0.0 374.051 0.0 426.25 384.462 429.741 485.746 349.665 363.474 440.341 
356.529 429.659 415.853 0.0 0.0 429.944 405.482 356.565 412.298 405.492 405.484 433.448 419.327 422.788 464.747 0.0 377.305 0.0 426.246 380.988 426.323 488.981 349.649 363.487 440.387 
359.96 426.355 415.892 0.0 0.0 429.838 405.376 360.002 408.96 405.439 401.927 433.439 419.389 419.359 464.764 0.0 377.348 0.0 426.188 398.381 433.286 488.991 349.673 363.512 443.776 
356.594 426.274 419.306 0.0 0.0 429.652 405.271 366.914 412.321 408.962 408.951 433.496 412.435 419.385 464.71 0.0 377.334 0.0 426.21 377.52 422.796 485.759 349.647 363.526 443.731 
356.607 426.366 429.714 0.0 0.0 426.283 401.961 370.326 415.909 426.258 429.922 443.75 412.329 405.513 464.655 0.0 377.393 0.0 426.223 377.452 412.351 485.722 353.001 367.006 457.667 
359.955 426.293 426.263 0.0 0.0 426.263 401.823 370.339 415.856 422.876 429.865 440.367 408.927 408.799 464.679 0.0 377.333 0.0 422.88 377.478 415.855 485.74 349.618 363.492 454.29 
363.432 429.646 433.306 0.0 0.0 422.746 401.724 366.896 415.845 422.852 429.829 443.719 408.92 405.421 464.679 0.0 377.454 0.0 422.882 377.455 415.837 485.706 349.602 363.477 457.673 
360.075 429.677 440.315 0.0 0.0 415.825 398.45 359.938 408.944 419.302 419.33 436.807 405.487 408.864 464.759 0.0 377.478 0.0 426.197 377.531 419.346 485.725 349.651 363.533 443.847 
359.957 429.75 447.284 0.0 0.0 412.396 398.405 352.969 408.831 415.807 405.494 436.72 405.393 408.961 464.709 0.0 377.473 0.0 422.844 380.909 422.789 485.774 349.632 363.5 443.746 
359.988 429.811 450.78 0.0 0.0 412.313 398.378 349.517 408.855 422.796 419.276 436.844 405.284 405.501 464.714 0.0 377.441 0.0 426.165 377.511 415.848 485.793 352.987 366.988 447.294 
356.474 429.724 447.27 0.0 0.0 408.967 398.263 346.118 408.856 422.808 426.21 440.326 405.241 405.491 464.687 0.0 377.315 0.0 422.828 377.41 408.87 485.799 352.996 367.019 454.267 
360.02 429.745 450.69 398.425 0.0 408.861 394.884 345.928 405.498 419.341 422.758 440.324 401.946 401.994 461.436 0.0 377.39 0.0 422.772 374.002 408.84 485.799 353.004 370.395 457.701 
360.026 429.738 450.67 391.458 0.0 408.852 391.416 339.11 405.25 408.869 415.898 436.848 401.785 405.349 464.658 0.0 377.368 0.0 422.73 377.426 415.81 488.991 353.008 366.996 447.256 
356.588 429.68 443.788 384.465 0.0 408.826 387.907 332.021 401.928 405.417 415.799 436.766 398.422 405.338 464.663 0.0 374.114 0.0 415.856 377.393 412.357 488.993 349.656 363.532 443.803 
356.52 426.329 436.87 384.453 0.0 408.903 384.489 325.183 401.798 401.906 415.86 436.846 398.329 405.47 464.641 0.0 374.073 0.0 415.83 377.479 419.29 488.992 352.962 366.922 450.764 
356.49 426.356 436.812 384.416 0.0 408.99 384.438 321.545 398.45 398.414 405.349 436.727 398.379 408.819 464.666 0.0 374.028 0.0 412.417 377.458 419.305 489.004 349.638 363.49 447.217 
353.157 426.321 433.346 384.43 0.0 412.418 384.446 318.098 398.427 398.407 405.341 436.732 398.34 408.913 464.669 0.0 373.927 0.0 412.37 377.486 415.848 485.784 349.647 363.525 443.83 
353.109 426.328 433.35 384.401 0.0 415.859 387.862 317.972 398.445 398.397 405.436 436.745 398.378 408.918 464.696 0.0 373.87 0.0 409.001 377.501 419.306 485.775 349.657 363.522 443.804 
353.065 426.188 426.301 381.027 0.0 419.38 387.919 314.597 398.371 398.378 422.785 440.233 398.323 405.513 464.712 0.0 373.822 0.0 408.956 377.525 415.831 485.777 352.999 366.978 454.172 
353.041 422.794 419.356 384.389 0.0 422.745 391.413 314.54 398.424 398.335 422.764 436.902 398.433 408.924 464.709 0.0 373.791 0.0 408.951 380.912 415.818 485.759 349.648 363.525 450.758 
349.727 422.783 419.344 0.0 0.0 422.759 394.875 314.622 398.392 394.887 408.83 436.812 401.744 415.884 464.727 0.0 370.54 0.0 408.98 380.962 419.347 485.795 349.607 363.455 447.252 
352.985 422.791 419.352 387.876 0.0 422.801 394.949 318.005 401.772 405.327 429.723 436.864 394.882 405.293 464.696 0.0 373.779 0.0 408.965 384.409 422.807 485.781 349.526 359.953 450.735 
349.745 419.353 408.915 0.0 0.0 426.195 398.372 318.159 401.958 408.821 429.877 436.891 398.421 405.347 464.672 0.0 373.748 0.0 409.008 380.904 415.833 485.779 349.561 360.029 450.732 
352.967 419.32 405.488 0.0 0.0 426.32 401.718 321.511 401.888 401.872 429.739 436.932 401.835 408.814 464.695 0.0 373.754 0.0 408.978 380.91 419.317 485.751 349.624 363.471 454.197 
352.992 422.779 408.948 0.0 0.0 426.304 401.757 328.672 405.3 408.918 433.16 447.232 401.793 401.964 464.752 0.0 373.781 0.0 408.997 384.473 426.31 485.806 352.962 366.925 461.228 
352.972 422.772 408.958 0.0 0.0 426.31 401.911 339.025 401.932 401.826 429.719 440.267 401.966 405.32 464.77 0.0 373.768 0.0 408.978 384.484 426.316 485.787 349.647 363.521 454.267 
352.954 422.798 412.316 0.0 0.0 426.327 402.011 345.845 405.455 408.904 429.935 440.338 405.288 401.918 464.734 0.0 373.762 0.0 408.986 384.432 426.255 485.797 349.613 363.493 457.653 
352.967 422.765 408.947 0.0 0.0 426.323 405.322 346.135 405.516 408.942 433.18 440.27 405.371 401.997 464.734 0.0 373.766 0.0 409.011 384.463 422.831 485.753 349.594 363.456 454.193 
352.949 422.847 412.4 0.0 0.0 426.348 405.39 349.571 405.486 405.484 429.847 440.267 405.464 405.337 464.703 0.0 373.76 0.0 412.305 380.994 419.343 485.744 349.624 363.505 454.252 
352.99 422.81 408.945 0.0 0.0 429.667 405.418 356.465 405.44 405.355 419.298 436.85 405.532 408.949 464.71 0.0 373.785 0.0 412.307 384.464 422.842 485.717 349.62 363.473 450.736 
352.975 422.816 408.936 0.0 0.0 429.63 405.451 366.939 405.501 408.946 429.924 443.745 405.384 405.473 464.696 0.0 373.779 0.0 412.334 380.963 426.247 485.716 349.597 363.454 457.776 
352.965 419.358 405.448 0.0 0.0 429.654 405.539 370.459 405.498 408.945 433.3 447.288 405.4 405.353 464.713 0.0 373.797 0.0 412.354 380.949 422.837 485.724 349.59 360.061 457.808 
353.03 422.793 408.925 0.0 0.0 426.348 405.552 373.772 405.443 408.942 429.89 440.363 405.304 408.878 464.741 0.0 373.852 0.0 412.404 387.933 429.733 485.757 349.608 363.495 457.641 
353.083 426.189 0.0 0.0 0.0 426.286 405.555 373.83 405.452 412.357 429.877 440.266 405.263 408.809 464.752 0.0 373.85 0.0 412.39 394.923 429.757 485.731 349.639 363.52 454.201 
353.115 422.804 412.353 0.0 0.0 426.286 405.568 373.936 405.361 408.828 429.74 440.257 401.981 408.982 464.721 0.0 373.897 0.0 412.338 384.471 426.275 485.722 349.554 360.047 454.176 
356.501 422.825 0.0 0.0 0.0 426.216 405.514 373.969 405.479 412.378 429.733 440.304 405.279 408.854 464.755 0.0 373.944 0.0 412.341 381.006 426.292 485.782 349.577 363.452 454.231 
356.512 426.205 426.251 0.0 0.0 422.827 405.416 373.901 405.475 412.334 426.273 440.278 405.299 408.905 464.724 0.0 373.927 0.0 409.007 387.947 429.739 485.755 349.635 363.523 454.196 
356.535 422.827 0.0 0.0 0.0 426.245 405.348 373.807 405.445 408.861 429.714 443.758 405.336 405.529 464.697 0.0 373.965 0.0 412.417 384.44 426.265 485.764 349.64 363.535 457.693 
356.486 419.368 408.884 0.0 0.0 426.181 405.266 373.796 405.311 405.466 415.834 436.748 401.959 412.393 464.698 0.0 373.934 0.0 415.904 384.452 422.84 485.645 349.614 363.476 440.384 
353.155 422.797 0.0 0.0 0.0 422.808 402.007 370.411 405.423 408.91 422.846 436.83 405.278 405.532 464.701 0.0 373.945 0.0 419.262 377.496 412.346 485.655 349.603 363.48 443.838 
356.463 415.855 405.385 0.0 0.0 426.18 401.95 360.009 405.426 405.466 412.345 436.761 405.367 408.915 464.701 0.0 373.987 0.0 419.272 377.474 415.829 485.705 349.616 363.482 443.77 
356.484 419.332 408.899 0.0 0.0 422.819 401.944 352.948 405.432 405.42 412.345 436.834 405.375 408.929 464.678 0.0 374.021 0.0 415.821 380.927 422.811 485.734 349.62 363.513 450.713 
356.517 419.334 408.911 0.0 0.0 422.804 401.88 349.376 405.35 405.299 408.919 436.83 405.385 408.913 464.654 0.0 374.04 0.0 412.371 377.483 419.313 485.718 349.634 363.515 447.309 
353.165 422.88 426.272 0.0 0.0 419.342 401.92 345.965 405.502 408.88 412.33 436.729 405.379 408.878 464.65 0.0 373.957 0.0 412.323 377.515 419.333 485.722 349.608 363.476 443.744 
353.168 419.376 412.378 0.0 0.0 422.813 401.938 342.575 405.276 401.943 408.847 433.453 405.303 412.394 464.671 0.0 373.939 0.0 408.997 380.912 419.333 485.724 349.636 363.503 440.318 
353.066 419.38 408.868 0.0 0.0 426.284 401.971 339.078 401.999 401.901 422.813 436.813 405.259 405.448 464.658 0.0 373.889 0.0 408.978 377.511 415.82 485.741 349.649 366.921 443.819 
349.738 415.865 405.341 0.0 0.0 429.663 405.225 332.099 401.963 401.804 429.693 436.838 405.305 405.519 461.43 0.0 373.798 0.0 408.964 377.514 415.857 485.72 349.608 363.491 447.238 
349.662 419.313 405.401 0.0 0.0 429.706 405.255 325.158 405.302 405.314 429.747 436.925 405.3 405.313 464.647 0.0 370.519 0.0 408.97 377.491 419.326 485.712 349.655 363.531 450.799 
349.609 415.824 405.269 0.0 0.0 429.764 405.363 321.75 405.276 398.412 422.76 436.892 405.529 405.486 464.644 0.0 370.471 0.0 412.324 377.515 419.344 485.741 349.649 363.535 447.297 
349.659 412.318 401.801 0.0 0.0 429.79 405.473 325.049 405.304 398.399 429.719 440.244 408.869 405.379 464.734 0.0 370.504 0.0 412.346 380.91 415.846 485.802 349.636 363.515 454.197 
349.664 408.985 398.365 0.0 0.0 429.887 405.519 325.111 405.319 394.943 405.494 436.787 412.351 419.315 464.724 0.0 370.522 0.0 415.825 380.966 422.78 485.767 349.62 363.463 447.302 
349.676 412.336 394.937 0.0 0.0 433.234 408.906 328.674 405.295 391.409 398.361 433.408 415.821 426.21 464.759 0.0 370.526 0.0 415.889 384.456 422.828 485.772 349.637 363.441 447.213 
353.0 408.882 384.41 0.0 0.0 433.334 408.942 338.988 405.241 384.402 398.27 433.408 419.354 429.629 464.738 0.0 373.831 0.0 419.348 387.919 426.281 485.733 349.61 360.037 447.237 
353.03 408.853 380.988 0.0 0.0 433.407 408.955 342.488 405.276 384.479 394.879 433.376 419.34 429.694 464.824 0.0 373.858 0.0 419.362 394.907 426.311 485.777 349.591 360.012 447.233 
353.052 408.938 384.495 0.0 0.0 433.414 415.843 346.001 405.315 387.963 394.819 433.337 419.376 429.773 464.813 0.0 373.892 0.0 422.772 398.412 429.729 485.754 349.575 359.974 443.799 
353.075 412.301 387.952 0.0 0.0 433.438 415.844 349.523 405.3 384.482 391.465 433.311 422.789 429.798 464.805 0.0 373.94 0.0 422.812 391.438 426.321 485.743 349.525 356.567 443.805 
353.14 412.419 398.341 0.0 0.0 433.407 415.876 356.472 405.403 391.4 391.425 433.248 426.224 429.734 464.845 0.0 373.966 0.0 422.852 398.377 429.777 485.783 349.529 356.589 440.3 
353.067 412.409 398.361 0.0 0.0 433.366 415.896 370.33 405.549 398.385 391.423 433.238 426.308 429.699 464.777 0.0 373.967 0.0 422.869 384.462 426.273 485.702 349.443 356.473 440.334 
353.072 412.44 398.375 0.0 0.0 433.384 415.858 373.815 408.946 401.947 398.309 433.316 426.258 429.674 464.762 0.0 373.947 0.0 422.887 384.488 426.329 485.742 349.524 356.555 443.732 
353.034 412.392 398.442 0.0 0.0 433.223 412.447 374.064 408.902 401.954 398.282 433.352 422.801 426.346 464.783 0.0 373.989 0.0 422.853 401.858 429.833 485.743 349.504 356.516 440.397 
353.08 412.386 401.797 0.0 0.0 429.937 412.316 377.42 405.525 401.954 401.842 433.316 415.842 429.637 464.822 0.0 374.024 0.0 422.807 401.879 429.857 485.748 349.53 356.54 440.279 
352.961 415.812 401.948 0.0 0.0 429.826 412.293 377.467 405.346 401.828 401.872 433.352 408.912 426.242 464.786 0.0 373.959 0.0 422.773 405.379 433.259 485.71 349.575 359.959 440.265 
349.669 412.421 401.934 0.0 0.0 429.756 408.994 377.403 401.999 401.799 405.425 433.399 405.462 419.314 464.763 0.0 373.893 0.0 419.383 394.931 429.814 485.723 349.567 359.969 440.249 
349.667 415.821 405.337 0.0 0.0 429.657 408.873 377.377 405.343 401.924 412.395 436.772 408.826 408.942 464.728 0.0 373.855 0.0 419.341 384.435 426.262 485.709 349.607 363.449 440.352 
352.968 419.31 405.463 0.0 0.0 429.643 405.538 374.026 405.461 405.412 405.464 433.377 408.816 415.878 464.735 0.0 373.846 0.0 412.433 405.402 433.254 485.685 349.57 359.995 436.881 
352.987 415.868 405.374 363.49 325.227 429.667 405.343 373.891 405.355 405.307 405.416 433.411 405.476 412.369 464.697 0.0 373.838 0.0 412.443 398.434 429.798 485.69 349.544 359.976 436.933 
352.961 419.379 408.95 0.0 0.0 426.3 405.309 370.529 405.306 405.315 405.444 433.432 405.327 415.799 464.708 0.0 373.749 0.0 412.37 384.447 426.253 485.691 349.602 360.062 436.911 
356.476 426.209 422.816 374.047 328.604 426.26 401.966 363.542 405.39 405.435 422.775 436.762 405.341 405.44 464.684 0.0 373.886 0.0 412.416 380.956 422.817 485.727 349.622 363.507 440.333 
353.09 426.338 429.798 374.021 325.132 426.212 401.852 352.979 405.28 401.957 405.35 433.432 405.32 408.865 464.667 0.0 373.864 0.0 412.415 384.439 426.309 485.699 349.529 359.982 440.247 
353.005 426.309 429.757 356.518 321.674 426.191 401.792 349.44 405.296 405.419 419.307 436.763 401.919 405.289 464.682 0.0 373.75 0.0 412.407 384.443 422.845 485.682 349.591 363.474 443.821 
352.989 415.862 408.857 370.385 342.51 426.214 401.732 345.924 401.843 398.44 415.9 436.738 401.873 402.007 464.668 0.0 370.519 0.0 412.329 384.476 422.836 485.694 349.552 360.027 443.753 
352.97 426.346 433.317 381.066 335.579 415.885 398.448 342.403 401.819 401.783 405.471 433.432 401.778 405.411 464.687 0.0 370.446 0.0 408.974 384.493 426.26 485.714 349.508 356.592 440.309 
352.986 426.345 433.274 394.846 318.199 415.883 398.409 328.644 398.439 398.361 405.328 433.393 398.364 405.372 464.682 0.0 370.438 0.0 408.926 384.416 422.824 485.725 349.441 356.499 440.283 
349.684 426.323 429.728 377.441 300.676 422.825 398.412 325.199 398.332 394.847 405.403 433.446 398.38 405.362 464.658 0.0 370.337 0.0 408.864 381.005 422.796 485.765 349.561 360.01 440.298 
349.493 426.196 426.223 373.895 286.711 422.756 398.312 321.644 394.939 394.863 401.953 433.371 394.901 405.433 464.662 0.0 363.427 0.0 405.539 380.99 422.805 485.77 349.57 360.007 440.254 
346.167 422.835 419.368 373.95 286.707 422.808 398.356 318.27 394.845 391.428 401.857 433.288 391.445 405.515 464.697 0.0 356.472 0.0 405.346 377.552 422.805 485.803 349.615 360.066 436.828 
346.002 426.201 426.233 381.019 304.197 422.743 398.278 318.225 394.848 394.885 405.261 433.389 391.359 405.375 461.423 0.0 352.982 0.0 402.027 377.506 419.335 485.794 349.61 363.467 436.921 
345.836 422.869 422.863 381.035 297.167 419.393 394.893 321.571 394.9 398.32 405.489 436.733 0.0 0.0 0.0 0.0 349.622 0.0 401.892 0.0 0.0 0.0 352.967 366.956 440.37 
342.49 422.807 419.312 381.045 0.0 422.82 391.468 321.501 391.443 391.381 405.515 436.764 391.391 401.938 464.667 0.0 349.37 0.0 398.34 380.907 419.308 489.008 349.617 363.494 443.772 
338.978 426.204 426.267 384.392 0.0 419.392 387.96 321.759 391.399 391.396 405.456 436.728 387.976 401.851 464.656 0.0 346.003 0.0 394.918 377.552 415.81 489.018 349.639 363.531 443.789 
332.111 426.208 426.351 0.0 0.0 419.332 387.877 325.097 394.87 398.327 408.813 436.757 387.916 401.829 461.412 0.0 342.618 0.0 387.961 377.527 412.362 488.982 349.634 363.534 447.267 